-----------------GA Results-----------------
Settings as follows:
{"Starting mutrate: ": 0.0, "Starting mutstep": 0.0, "Number of runs to average over": 2, "No of mutstep increases": 20, "No of mutrate increases": 20, "Size of mutrate increases": 0.005, "Size of mutstep": 0.1, "Number of generations": 200}
Unsorted data:
+-------+---------+---------+--------------------+------------------------+
| Index | Mutrate | Mutstep |    Best Fitness    | Avg Fitness of gen 100 |
+-------+---------+---------+--------------------+------------------------+
|   0   |  0.005  |  0.100  | -700.5182342700272 |   -650.1165963827086   |
|   1   |  0.010  |  0.100  | -722.2636807403208 |   -748.6124292526146   |
|   2   |  0.015  |  0.100  | -736.4035491380519 |   -740.8033479406474   |
|   3   |  0.020  |  0.100  | -736.525882996262  |   -729.8643851217646   |
|   4   |  0.025  |  0.100  | -736.735413162083  |   -744.6439424605262   |
|   5   |  0.030  |  0.100  | -730.4807133862437 |   -712.6825294546702   |
|   6   |  0.035  |  0.100  | -706.3827911598021 |   -713.6072093717527   |
|   7   |  0.040  |  0.100  | -719.1496985820237 |   -696.4564095615913   |
|   8   |  0.045  |  0.100  | -747.811417120621  |   -754.4707254416702   |
|   9   |  0.050  |  0.100  | -740.7861951531265 |   -712.3452314614028   |
|  10   |  0.055  |  0.100  | -747.9082371653357 |   -740.6063223930279   |
|  11   |  0.060  |  0.100  | -747.9158713575368 |   -754.7573352031862   |
|  12   |  0.065  |  0.100  |  -740.66669745573  |   -754.6853277155989   |
|  13   |  0.070  |  0.100  | -761.847531232563  |   -754.0530671588008   |
|  14   |  0.075  |  0.100  | -719.6218753645251 |   -712.2112967826985   |
|  15   |  0.080  |  0.100  | -747.6498080698178 |   -740.2144458604891   |
|  16   |  0.085  |  0.100  | -712.5146433260278 |   -726.2470855731386   |
|  17   |  0.090  |  0.100  | -740.7921146591605 |   -740.3488375044237   |
|  18   |  0.095  |  0.100  | -712.5339640819827 |   -740.2838184233711   |
|  19   |  0.100  |  0.100  | -726.6616291007192 |   -740.3025399875436   |
|  20   |  0.005  |  0.200  | -754.5929301734255 |   -754.0583501603243   |
|  21   |  0.010  |  0.200  | -747.9509178739706 |   -740.8257823281649   |
|  22   |  0.015  |  0.200  | -754.9660073237421 |   -740.6807720501959   |
|  23   |  0.020  |  0.200  | -726.7062471942029 |   -740.6576510997362   |
|  24   |  0.025  |  0.200  | -769.1023459450813 |   -768.8188338040675   |
|  25   |  0.030  |  0.200  | -762.0319760606462 |   -768.8344949995388   |
|  26   |  0.035  |  0.200  | -726.7113869338955 |   -726.3313664978159   |
|  27   |  0.040  |  0.200  | -726.6841433489603 |   -726.1424859663575   |
|  28   |  0.045  |  0.200  | -754.9020830941961 |   -768.3736678601114   |
|  29   |  0.050  |  0.200  | -754.9242456011206 |   -768.3131743907887   |
|  30   |  0.055  |  0.200  | -754.8623464832638 |   -754.0839142382026   |
|  31   |  0.060  |  0.200  | -747.8107407510124 |   -739.675572141749    |
|  32   |  0.065  |  0.200  | -733.6483208549482 |   -739.614724541829    |
|  33   |  0.070  |  0.200  | -733.4914624376904 |   -739.4609548232764   |
|  34   |  0.075  |  0.200  | -733.5501572651985 |   -710.9551962569219   |
|  35   |  0.080  |  0.200  | -740.5390581923083 |   -724.8727635006657   |
|  36   |  0.085  |  0.200  | -761.7059844957755 |   -753.1778179311439   |
|  37   |  0.090  |  0.200  | -733.3504320559362 |   -752.9687574084899   |
|  38   |  0.095  |  0.200  | -754.6184830170373 |   -752.5992426183618   |
|  39   |  0.100  |  0.200  | -726.3631559436426 |   -738.6081956876036   |
|  40   |  0.005  |  0.300  | -733.7871827570384 |   -769.0803575621552   |
|  41   |  0.010  |  0.300  | -762.058272668253  |   -769.0306970388908   |
|  42   |  0.015  |  0.300  | -733.8041240952114 |   -754.8053223350622   |
|  43   |  0.020  |  0.300  | -733.7973025751558 |   -712.2644569023965   |
|  44   |  0.025  |  0.300  | -740.8268107413048 |   -754.5321752739197   |
|  45   |  0.030  |  0.300  | -747.8494799592838 |   -754.2513499261707   |
|  46   |  0.035  |  0.300  | -740.7124687954047 |   -753.5245240298879   |
|  47   |  0.040  |  0.300  | -747.8160982342974 |   -753.6876890234536   |
|  48   |  0.045  |  0.300  | -733.6251548873942 |   -739.172502520671    |
|  49   |  0.050  |  0.300  | -775.9246610363675 |   -781.1053274633306   |
|  50   |  0.055  |  0.300  | -754.8001650551294 |   -781.1126558866209   |
|  51   |  0.060  |  0.300  | -733.397882354567  |   -752.0581457732654   |
|  52   |  0.065  |  0.300  | -733.4018259041918 |   -723.5989127841236   |
|  53   |  0.070  |  0.300  | -747.3734360856593 |   -765.7416953369965   |
|  54   |  0.075  |  0.300  | -754.5233427098303 |   -737.276908837457    |
|  55   |  0.080  |  0.300  | -740.1073376853276 |   -735.6581061027492   |
|  56   |  0.085  |  0.300  | -747.4068426842368 |   -736.4738407235174   |
|  57   |  0.090  |  0.300  | -725.8353318952215 |   -722.1556659277092   |
|  58   |  0.095  |  0.300  | -753.9343251651162 |   -763.2388484697673   |
|  59   |  0.100  |  0.300  | -739.9617845113546 |   -721.7335223762152   |
|  60   |  0.005  |  0.400  | -747.7969593952422 |   -754.6852761281879   |
|  61   |  0.010  |  0.400  | -769.1557575743209 |   -754.8029861824293   |
|  62   |  0.015  |  0.400  | -726.6901286008664 |   -698.0910323672592   |
|  63   |  0.020  |  0.400  | -740.8474377795819 |   -768.6049949413623   |
|  64   |  0.025  |  0.400  | -747.7973638619474 |   -767.9871687215084   |
|  65   |  0.030  |  0.400  | -733.7041237014985 |   -711.3452632314385   |
|  66   |  0.035  |  0.400  | -747.7461018350327 |   -738.807904926662    |
|  67   |  0.040  |  0.400  | -719.3323526843964 |   -724.3771758275501   |
|  68   |  0.045  |  0.400  | -761.6986548061616 |   -780.2823281781394   |
|  69   |  0.050  |  0.400  | -747.4558305354064 |   -737.8545504885666   |
|  70   |  0.055  |  0.400  | -747.4350527876625 |   -708.5203751124344   |
|  71   |  0.060  |  0.400  | -747.2348109944267 |   -735.836011629737    |
|  72   |  0.065  |  0.400  | -740.0897970676901 |   -763.4754443348555   |
|  73   |  0.070  |  0.400  | -747.2597621267622 |   -719.8004203854829   |
|  74   |  0.075  |  0.400  | -761.1660614241559 |   -775.5730242317039   |
|  75   |  0.080  |  0.400  | -746.5915918526575 |   -747.9759697711256   |
|  76   |  0.085  |  0.400  | -753.4701439776129 |   -746.4355508269614   |
|  77   |  0.090  |  0.400  | -732.4422363420204 |   -716.8435928374143   |
|  78   |  0.095  |  0.400  | -710.8567866666293 |   -703.2110966552086   |
|  79   |  0.100  |  0.400  | -759.9802281943241 |   -758.1473655475233   |
|  80   |  0.005  |  0.500  | -740.8310650952892 |   -740.6458325392613   |
|  81   |  0.010  |  0.500  | -726.711798178856  |   -726.4185610277199   |
|  82   |  0.015  |  0.500  | -705.4888050034331 |   -683.766999886484    |
|  83   |  0.020  |  0.500  | -761.9746729623597 |   -768.230707936583    |
|  84   |  0.025  |  0.500  | -754.7649237347118 |   -767.4232553913868   |
|  85   |  0.030  |  0.500  | -747.7525168218147 |   -753.102302916826    |
|  86   |  0.035  |  0.500  | -740.5526422630851 |   -766.2984209504785   |
|  87   |  0.040  |  0.500  | -740.4779381910378 |   -722.8079468041512   |
|  88   |  0.045  |  0.500  | -761.6212078144924 |   -764.4678216939086   |
|  89   |  0.050  |  0.500  | -725.9473777232386 |   -721.662098056529    |
|  90   |  0.055  |  0.500  | -747.1676404816951 |   -748.1272505876755   |
|  91   |  0.060  |  0.500  | -754.087429023487  |   -747.644063508715    |
|  92   |  0.065  |  0.500  | -760.4593179498429 |   -746.6257920829341   |
|  93   |  0.070  |  0.500  | -725.4206852972723 |   -744.9538670504407   |
|  94   |  0.075  |  0.500  | -739.1012147225364 |   -758.4163812374577   |
|  95   |  0.080  |  0.500  | -767.1374550658136 |   -756.2895279211355   |
|  96   |  0.085  |  0.500  | -745.5576374856576 |   -754.7066725201954   |
|  97   |  0.090  |  0.500  | -738.3399368453872 |   -712.7968547209108   |
|  98   |  0.095  |  0.500  | -759.8054009982034 |   -754.3822348936668   |
|  99   |  0.100  |  0.500  | -723.762853555693  |   -737.7465514530602   |
|  100  |  0.005  |  0.600  | -747.867536706452  |   -754.7162742823288   |
|  101  |  0.010  |  0.600  | -733.7307603402496 |   -698.0112320312985   |
|  102  |  0.015  |  0.600  | -754.9553171803386 |   -739.8596046676275   |
|  103  |  0.020  |  0.600  | -733.7277077219305 |   -753.7281914560602   |
|  104  |  0.025  |  0.600  | -740.7601773062333 |   -724.9038417418802   |
|  105  |  0.030  |  0.600  | -754.6339821917168 |   -752.3537026983958   |
|  106  |  0.035  |  0.600  | -733.2558546757241 |   -708.1541877758193   |
|  107  |  0.040  |  0.600  | -754.3620773943538 |   -750.1212214260552   |
|  108  |  0.045  |  0.600  | -740.1411779590327 |   -719.0045657348887   |
|  109  |  0.050  |  0.600  | -753.9503352456741 |   -761.4333345840288   |
|  110  |  0.055  |  0.600  | -746.8943448073348 |   -758.2070662475863   |
|  111  |  0.060  |  0.600  | -732.0778959648364 |   -715.1315693647475   |
|  112  |  0.065  |  0.600  | -746.0487619307933 |   -727.959699737314    |
|  113  |  0.070  |  0.600  | -760.0759523261929 |   -741.0156689153928   |
|  114  |  0.075  |  0.600  | -731.4315069819188 |   -724.5535110225403   |
|  115  |  0.080  |  0.600  | -723.9091994332299 |   -697.4341827181788   |
|  116  |  0.085  |  0.600  | -765.8112294033929 |   -735.1833880406144   |
|  117  |  0.090  |  0.600  | -773.2454526518703 |   -745.869463559436    |
|  118  |  0.095  |  0.600  | -751.8004712245595 |   -720.5708183994855   |
|  119  |  0.100  |  0.600  | -772.5127915545871 |   -759.5881954163754   |
|  120  |  0.005  |  0.700  | -740.7737952257036 |   -712.3089908896274   |
|  121  |  0.010  |  0.700  | -747.8708920837689 |   -740.3004736527167   |
|  122  |  0.015  |  0.700  | -719.549430121762  |   -725.8167322869766   |
|  123  |  0.020  |  0.700  | -754.9042492835878 |   -753.1145153548331   |
|  124  |  0.025  |  0.700  | -740.5828750726909 |   -738.3841782969088   |
|  125  |  0.030  |  0.700  | -726.4532625923816 |   -723.2052220376197   |
|  126  |  0.035  |  0.700  | -768.5163127683679 |   -762.9287103575206   |
|  127  |  0.040  |  0.700  | -747.1537290803975 |   -761.0499394224764   |
|  128  |  0.045  |  0.700  | -761.440680083649  |   -774.4996419784518   |
|  129  |  0.050  |  0.700  | -732.7568479529918 |   -687.5822218609858   |
|  130  |  0.055  |  0.700  | -738.9766516969346 |   -701.6065634530229   |
|  131  |  0.060  |  0.700  | -774.5224384319561 |   -769.1602849244641   |
|  132  |  0.065  |  0.700  | -766.350616572576  |   -753.1209175063051   |
|  133  |  0.070  |  0.700  | -745.0793929147262 |   -736.7977338912004   |
|  134  |  0.075  |  0.700  | -765.9910583843703 |   -747.4825204251837   |
|  135  |  0.080  |  0.700  | -759.0507211933674 |   -747.0319945399576   |
|  136  |  0.085  |  0.700  | -764.740293262153  |   -742.2624455519515   |
|  137  |  0.090  |  0.700  | -757.7341500405801 |   -740.403826735333    |
|  138  |  0.095  |  0.700  | -721.3353799275258 |   -696.8757783411402   |
|  139  |  0.100  |  0.700  | -743.6441413862626 |   -724.2485261980751   |
|  140  |  0.005  |  0.800  | -754.8902284751268 |   -754.5808202776145   |
|  141  |  0.010  |  0.800  | -762.0004747183252 |   -768.4904385878252   |
|  142  |  0.015  |  0.800  | -740.8158498599119 |   -710.9817205025952   |
|  143  |  0.020  |  0.800  | -747.7166223163167 |   -752.2026403891314   |
|  144  |  0.025  |  0.800  | -740.5528913800943 |   -737.5807156863787   |
|  145  |  0.030  |  0.800  | -740.409735414205  |   -736.3244354694024   |
|  146  |  0.035  |  0.800  | -726.2492230598145 |   -719.7963241662516   |
|  147  |  0.040  |  0.800  | -775.225263529831  |   -760.0902316941891   |
|  148  |  0.045  |  0.800  |  -753.36977356871  |   -729.1706840787447   |
|  149  |  0.050  |  0.800  | -760.1813987995218 |   -755.5613004778894   |
|  150  |  0.055  |  0.800  | -759.8432729468091 |   -738.2388671313415   |
|  151  |  0.060  |  0.800  | -752.3445010444264 |   -735.1792800047028   |
|  152  |  0.065  |  0.800  | -759.3081683009327 |   -745.5076454156958   |
|  153  |  0.070  |  0.800  | -771.9631090562268 |   -759.515196477889    |
|  154  |  0.075  |  0.800  | -750.4512621469798 |   -724.9963959429828   |
|  155  |  0.080  |  0.800  | -750.250220916452  |   -724.2749231592803   |
|  156  |  0.085  |  0.800  | -771.132549168226  |   -735.2086764869915   |
|  157  |  0.090  |  0.800  | -742.3376402641543 |   -690.933417345575    |
|  158  |  0.095  |  0.800  | -763.5190067739569 |   -738.8009894079219   |
|  159  |  0.100  |  0.800  | -749.2372561355241 |   -709.0370067617298   |
|  160  |  0.005  |  0.900  | -733.6698995243407 |   -740.2659387743066   |
|  161  |  0.010  |  0.900  | -783.1455757431191 |   -782.1311561108558   |
|  162  |  0.015  |  0.900  | -740.7247893034856 |   -738.7319371809141   |
|  163  |  0.020  |  0.900  | -726.5671658250858 |   -724.1625585334328   |
|  164  |  0.025  |  0.900  | -747.5425708049434 |   -750.9783576483345   |
|  165  |  0.030  |  0.900  | -740.135694499413  |   -749.6923095646216   |
|  166  |  0.035  |  0.900  | -754.3020791415852 |   -746.5489358080081   |
|  167  |  0.040  |  0.900  | -768.0774804581713 |   -757.0687658408292   |
|  168  |  0.045  |  0.900  | -746.6844289128261 |   -771.2304885793725   |
|  169  |  0.050  |  0.900  | -759.7124751142466 |   -750.2313813422145   |
|  170  |  0.055  |  0.900  | -752.372040696866  |   -709.1338714575111   |
|  171  |  0.060  |  0.900  | -758.6584908942071 |   -740.4795096774448   |
|  172  |  0.065  |  0.900  | -763.7037198485789 |   -750.7022045710896   |
|  173  |  0.070  |  0.900  | -729.5528849380958 |   -712.9585562390744   |
|  174  |  0.075  |  0.900  | -729.2967680414549 |   -706.2706939059613   |
|  175  |  0.080  |  0.900  | -755.6423867821704 |   -720.1781919253509   |
|  176  |  0.085  |  0.900  | -741.3994600576063 |   -687.285143976583    |
|  177  |  0.090  |  0.900  | -753.956802615088  |   -731.2745817033864   |
|  178  |  0.095  |  0.900  | -767.9388628934352 |   -732.4076435027429   |
|  179  |  0.100  |  0.900  | -724.7667466562227 |   -670.8291288679111   |
|  180  |  0.005  |  1.000  | -754.8529394733807 |   -754.0891506276935   |
|  181  |  0.010  |  1.000  | -754.9050809623119 |   -739.8520649200378   |
|  182  |  0.015  |  1.000  | -733.6629058146027 |   -724.8349695936807   |
|  183  |  0.020  |  1.000  | -747.7155864796689 |   -765.9257483995611   |
|  184  |  0.025  |  1.000  | -746.8841902708664 |   -721.6014766637984   |
|  185  |  0.030  |  1.000  | -760.605303199143  |   -773.4540988582979   |
|  186  |  0.035  |  1.000  | -732.8056983507272 |   -715.2322792338291   |
|  187  |  0.040  |  1.000  | -760.6650768996541 |   -754.6308278450782   |
|  188  |  0.045  |  1.000  | -752.4722327013346 |   -722.2618119078202   |
|  189  |  0.050  |  1.000  | -730.903483645937  |   -691.4683259292723   |
|  190  |  0.055  |  1.000  | -738.0597667602503 |   -698.7912463206239   |
|  191  |  0.060  |  1.000  | -758.2308640880265 |   -737.3557709866973   |
|  192  |  0.065  |  1.000  | -734.9505786154776 |   -687.8206359634604   |
|  193  |  0.070  |  1.000  | -770.1730585906823 |   -731.4946677616254   |
|  194  |  0.075  |  1.000  | -757.0178094114344 |   -712.283635378717    |
|  195  |  0.080  |  1.000  | -755.2489205163722 |   -719.7333547197717   |
|  196  |  0.085  |  1.000  | -746.081600300753  |   -705.6192163938903   |
|  197  |  0.090  |  1.000  | -767.3315748583636 |   -712.4242944155441   |
|  198  |  0.095  |  1.000  | -746.4107065489399 |   -691.345910597519    |
|  199  |  0.100  |  1.000  | -749.447585836147  |   -687.5798446660766   |
|  200  |  0.005  |  1.100  | -733.4602383321841 |   -711.7563743737992   |
|  201  |  0.010  |  1.100  | -761.9600753696293 |   -767.5591828347843   |
|  202  |  0.015  |  1.100  | -776.0580637916046 |   -765.8856329360152   |
|  203  |  0.020  |  1.100  | -761.7172431978418 |   -764.701450664657    |
|  204  |  0.025  |  1.100  | -747.3660135335832 |   -747.2173524209346   |
|  205  |  0.030  |  1.100  | -753.8232265282683 |   -745.1871870084016   |
|  206  |  0.035  |  1.100  | -725.4954317301238 |   -698.7037080454854   |
|  207  |  0.040  |  1.100  | -767.4267475726928 |   -751.0680307511708   |
|  208  |  0.045  |  1.100  | -759.3105397829515 |   -743.0945582820326   |
|  209  |  0.050  |  1.100  | -751.9408092467022 |   -711.3471387812376   |
|  210  |  0.055  |  1.100  | -729.6159576840171 |   -724.5958670892545   |
|  211  |  0.060  |  1.100  | -757.0239637168168 |   -718.3253424505084   |
|  212  |  0.065  |  1.100  | -736.6153673713166 |   -697.5297094395255   |
|  213  |  0.070  |  1.100  | -763.1726241831045 |   -721.2755041587449   |
|  214  |  0.075  |  1.100  | -776.0396856159638 |   -730.064370461974    |
|  215  |  0.080  |  1.100  | -762.139192815902  |   -714.8483384610787   |
|  216  |  0.085  |  1.100  | -767.034781376108  |   -711.9686407304586   |
|  217  |  0.090  |  1.100  | -759.3493930658506 |   -707.0462907829333   |
|  218  |  0.095  |  1.100  | -705.5556074741326 |   -656.5577348871587   |
|  219  |  0.100  |  1.100  | -761.7840880534726 |   -688.8364894431064   |
|  220  |  0.005  |  1.200  | -726.3872446225984 |   -725.6446229639746   |
|  221  |  0.010  |  1.200  | -726.4972951799155 |   -724.6596720267931   |
|  222  |  0.015  |  1.200  | -761.7712193456773 |   -766.0188068076202   |
|  223  |  0.020  |  1.200  | -761.4291835188576 |   -763.7930549591152   |
|  224  |  0.025  |  1.200  | -747.2961888457667 |   -761.5677043648282   |
|  225  |  0.030  |  1.200  | -753.7626053285237 |   -770.9643191388109   |
|  226  |  0.035  |  1.200  | -752.7005865238805 |   -723.8632011628812   |
|  227  |  0.040  |  1.200  | -752.5838643714271 |   -718.9465050100504   |
|  228  |  0.045  |  1.200  | -773.8147320356156 |   -743.5911225779555   |
|  229  |  0.050  |  1.200  | -765.2674353669653 |   -736.1505615879576   |
|  230  |  0.055  |  1.200  | -728.5747378525632 |   -689.8246124721053   |
|  231  |  0.060  |  1.200  | -757.0702858153909 |   -724.8962615272186   |
|  232  |  0.065  |  1.200  | -756.2741568250146 |   -706.896050884112    |
|  233  |  0.070  |  1.200  | -760.4626969272686 |   -717.3332442450384   |
|  234  |  0.075  |  1.200  | -761.606918550888  |   -707.689256347123    |
|  235  |  0.080  |  1.200  | -737.9491892220358 |   -702.1198456542454   |
|  236  |  0.085  |  1.200  | -748.5773735555856 |   -714.6351482940395   |
|  237  |  0.090  |  1.200  | -759.6938934047462 |   -680.687797786758    |
|  238  |  0.095  |  1.200  | -764.0194572013946 |   -687.8494228691362   |
|  239  |  0.100  |  1.200  | -753.8357598338317 |   -654.7746149364349   |
|  240  |  0.005  |  1.300  | -740.5965965680758 |   -739.4755958903877   |
|  241  |  0.010  |  1.300  | -754.8025136117573 |   -752.9878553387271   |
|  242  |  0.015  |  1.300  | -747.5840458584903 |   -736.9028762216666   |
|  243  |  0.020  |  1.300  | -761.6330707629199 |   -733.5709394500514   |
|  244  |  0.025  |  1.300  | -726.0440331909097 |   -676.2180827573178   |
|  245  |  0.030  |  1.300  | -746.5629053021671 |   -725.8210642411185   |
|  246  |  0.035  |  1.300  | -753.0712622746041 |   -725.1283155751474   |
|  247  |  0.040  |  1.300  | -759.7837124192874 |   -747.1667222481224   |
|  248  |  0.045  |  1.300  | -752.6886817419762 |   -714.3927952891725   |
|  249  |  0.050  |  1.300  | -757.5073414616007 |   -715.5734106024952   |
|  250  |  0.055  |  1.300  | -757.3279431986186 |   -717.1636917658991   |
|  251  |  0.060  |  1.300  | -748.8400408811701 |   -719.7647500787588   |
|  252  |  0.065  |  1.300  | -744.7719677498967 |   -708.9420285163727   |
|  253  |  0.070  |  1.300  | -742.1307054796719 |   -687.0464976407276   |
|  254  |  0.075  |  1.300  | -758.1416490271114 |   -677.2851567527779   |
|  255  |  0.080  |  1.300  | -749.2545784540926 |   -690.860593758194    |
|  256  |  0.085  |  1.300  | -748.1383937177413 |   -669.9578836873085   |
|  257  |  0.090  |  1.300  | -753.7497384740439 |   -676.0178777537291   |
|  258  |  0.095  |  1.300  | -745.1073480283671 |   -659.5331936045078   |
|  259  |  0.100  |  1.300  | -751.1766475686156 |   -651.5934703321267   |
|  260  |  0.005  |  1.400  | -733.4414163926913 |   -711.3574485396367   |
|  261  |  0.010  |  1.400  | -775.9199712125935 |   -780.3311835385637   |
|  262  |  0.015  |  1.400  | -754.5475529721213 |   -749.7144213214174   |
|  263  |  0.020  |  1.400  | -725.887071156194  |   -719.6062103748043   |
|  264  |  0.025  |  1.400  | -768.4793563911885 |   -771.524361912974    |
|  265  |  0.030  |  1.400  | -760.0928052867405 |   -735.1690279569423   |
|  266  |  0.035  |  1.400  | -766.6841919566202 |   -735.166259955229    |
|  267  |  0.040  |  1.400  | -759.656584640712  |   -725.1170725071486   |
|  268  |  0.045  |  1.400  | -765.5885415864723 |    -725.88417373001    |
|  269  |  0.050  |  1.400  | -749.8124006455355 |   -684.5078547839399   |
|  270  |  0.055  |  1.400  | -747.5472896580152 |   -690.1819799875991   |
|  271  |  0.060  |  1.400  |  -738.37874825068  |   -665.260757309016    |
|  272  |  0.065  |  1.400  | -747.3256931051028 |   -718.5252045327878   |
|  273  |  0.070  |  1.400  | -752.4599073318136 |   -683.9908453598385   |
|  274  |  0.075  |  1.400  | -755.0780968902314 |   -680.2888458963494   |
|  275  |  0.080  |  1.400  | -738.5268235040173 |   -656.4975705116146   |
|  276  |  0.085  |  1.400  | -744.5622248911311 |   -676.1090908666131   |
|  277  |  0.090  |  1.400  | -737.7985307468468 |   -632.873256468242    |
|  278  |  0.095  |  1.400  | -748.080392436666  |   -667.3285869745134   |
|  279  |  0.100  |  1.400  | -743.4186612844194 |   -617.7187908776414   |
|  280  |  0.005  |  1.500  | -754.759056879916  |   -739.5775196209953   |
|  281  |  0.010  |  1.500  | -768.8461413084874 |   -765.0742908655648   |
|  282  |  0.015  |  1.500  | -747.629835356428  |   -735.8465815289737   |
|  283  |  0.020  |  1.500  | -747.2740959831447 |   -730.2676121583695   |
|  284  |  0.025  |  1.500  | -746.3642711247796 |   -729.1649767919047   |
|  285  |  0.030  |  1.500  | -781.0766636832111 |   -763.5156941757838   |
|  286  |  0.035  |  1.500  | -738.6702129069945 |   -743.6810848103826   |
|  287  |  0.040  |  1.500  | -752.1692505317969 |   -721.9167466666414   |
|  288  |  0.045  |  1.500  | -751.0306307344008 |   -710.0799680738601   |
|  289  |  0.050  |  1.500  | -756.3709221263439 |   -698.1004129829823   |
|  290  |  0.055  |  1.500  | -761.5543510458508 |   -705.2513971445782   |
|  291  |  0.060  |  1.500  | -760.2706473409909 |   -719.749337336024    |
|  292  |  0.065  |  1.500  | -749.6332574031508 |   -683.5657931132835   |
|  293  |  0.070  |  1.500  | -757.5269820534693 |   -693.1056056162163   |
|  294  |  0.075  |  1.500  | -748.4804511575345 |   -654.7190231400757   |
|  295  |  0.080  |  1.500  | -744.0821505253241 |   -666.1583965687333   |
|  296  |  0.085  |  1.500  | -747.4213120097813 |   -652.2254872869496   |
|  297  |  0.090  |  1.500  | -765.2309141880912 |   -668.2404601338659   |
|  298  |  0.095  |  1.500  | -750.8410150003219 |   -657.2404022209665   |
|  299  |  0.100  |  1.500  | -740.5479572197607 |    -639.72926872857    |
|  300  |  0.005  |  1.600  | -754.3079070772174 |   -767.0017161459909   |
|  301  |  0.010  |  1.600  | -733.5306681218757 |   -723.498147439244    |
|  302  |  0.015  |  1.600  | -747.4960791091906 |   -735.4765939542316   |
|  303  |  0.020  |  1.600  | -761.2692518844344 |   -759.2138170396836   |
|  304  |  0.025  |  1.600  | -767.890678873276  |   -755.2270641028819   |
|  305  |  0.030  |  1.600  | -745.5481535730671 |   -734.6864464973796   |
|  306  |  0.035  |  1.600  | -759.9817860260532 |    -727.95624853447    |
|  307  |  0.040  |  1.600  | -750.8017706600187 |   -713.059011098951    |
|  308  |  0.045  |  1.600  | -735.9740964160043 |   -734.7822458359288   |
|  309  |  0.050  |  1.600  | -742.4219396963479 |   -686.3172007298886   |
|  310  |  0.055  |  1.600  | -757.4150419390006 |   -699.6291051559612   |
|  311  |  0.060  |  1.600  | -753.5003136725652 |   -682.2186103555715   |
|  312  |  0.065  |  1.600  | -759.237378803719  |    -693.09013389667    |
|  313  |  0.070  |  1.600  | -761.5520334066941 |   -697.5107863829679   |
|  314  |  0.075  |  1.600  | -753.1484355734868 |   -697.425150184583    |
|  315  |  0.080  |  1.600  | -743.8663856226719 |   -641.0292695970253   |
|  316  |  0.085  |  1.600  | -739.2712190922477 |   -632.3666177298145   |
|  317  |  0.090  |  1.600  | -734.4385435207371 |   -615.8808745531428   |
|  318  |  0.095  |  1.600  | -751.2798545831924 |   -627.4602437561384   |
|  319  |  0.100  |  1.600  | -733.1960421637377 |   -595.7830357274169   |
|  320  |  0.005  |  1.700  |  -733.50805368132  |   -710.9696716285639   |
|  321  |  0.010  |  1.700  | -747.4897387527822 |   -763.6861328780328   |
|  322  |  0.015  |  1.700  | -754.6273412909952 |   -736.2839484755734   |
|  323  |  0.020  |  1.700  | -760.9514606585328 |   -744.5498838245093   |
|  324  |  0.025  |  1.700  | -753.6607385486654 |   -738.2606243678301   |
|  325  |  0.030  |  1.700  | -745.3001543790706 |   -722.0346887858395   |
|  326  |  0.035  |  1.700  | -758.2004916956652 |   -737.6677161975741   |
|  327  |  0.040  |  1.700  | -751.0847742580602 |   -700.4745744843726   |
|  328  |  0.045  |  1.700  | -750.1889857873019 |   -702.0850696275259   |
|  329  |  0.050  |  1.700  | -740.6444140219716 |   -695.6642900619714   |
|  330  |  0.055  |  1.700  | -738.356226056808  |   -663.6649666322771   |
|  331  |  0.060  |  1.700  | -751.0518680137758 |   -688.0022607352746   |
|  332  |  0.065  |  1.700  | -749.2806547718474 |   -663.2876709206377   |
|  333  |  0.070  |  1.700  | -743.0226354424805 |   -662.1347487375018   |
|  334  |  0.075  |  1.700  | -750.6129491423512 |   -646.715065270508    |
|  335  |  0.080  |  1.700  | -745.4381838947963 |   -643.2617766772493   |
|  336  |  0.085  |  1.700  | -736.6964796397979 |   -631.756469539319    |
|  337  |  0.090  |  1.700  | -743.6091032244881 |   -578.8964605259764   |
|  338  |  0.095  |  1.700  | -737.3927765656338 |   -624.2148778299971   |
|  339  |  0.100  |  1.700  | -736.0353869290648 |   -594.4708588140854   |
|  340  |  0.005  |  1.800  | -740.2503455235671 |   -766.5415207926187   |
|  341  |  0.010  |  1.800  | -754.5155315091542 |   -776.9216512500753   |
|  342  |  0.015  |  1.800  | -726.1003639367428 |   -746.4076919049947   |
|  343  |  0.020  |  1.800  | -761.3132002543043 |   -744.5089744284661   |
|  344  |  0.025  |  1.800  | -774.0954842062336 |   -749.556162509591    |
|  345  |  0.030  |  1.800  | -766.891351738105  |   -743.7634011936955   |
|  346  |  0.035  |  1.800  | -765.5189194728403 |   -715.4525533016671   |
|  347  |  0.040  |  1.800  | -763.7820950535288 |   -731.8785224503017   |
|  348  |  0.045  |  1.800  | -747.055990017815  |   -698.722462840158    |
|  349  |  0.050  |  1.800  | -775.559161628136  |   -716.2060244010399   |
|  350  |  0.055  |  1.800  | -752.8862353017433 |   -671.753904038884    |
|  351  |  0.060  |  1.800  | -757.1760189598452 |   -653.4573534835229   |
|  352  |  0.065  |  1.800  | -734.6622711856951 |   -676.4045926774787   |
|  353  |  0.070  |  1.800  | -751.4934901679703 |   -667.7452504498049   |
|  354  |  0.075  |  1.800  | -744.5275679272224 |   -659.5987395559998   |
|  355  |  0.080  |  1.800  | -753.7690577899518 |   -636.6138448549717   |
|  356  |  0.085  |  1.800  | -747.2505787976004 |   -611.5097871981125   |
|  357  |  0.090  |  1.800  | -756.7412049467288 |   -624.0040671858299   |
|  358  |  0.095  |  1.800  | -728.1798595425298 |   -593.1947397679728   |
|  359  |  0.100  |  1.800  | -744.6566425576891 |   -574.3426406445727   |
|  360  |  0.005  |  1.900  | -768.5457355845338 |   -752.4053342024786   |
|  361  |  0.010  |  1.900  | -712.1588433013483 |   -735.3459571056814   |
|  362  |  0.015  |  1.900  | -740.2777399127301 |   -720.2960465076618   |
|  363  |  0.020  |  1.900  | -767.9752828100176 |   -771.8797096273323   |
|  364  |  0.025  |  1.900  | -760.2527866078599 |   -752.0150596567253   |
|  365  |  0.030  |  1.900  | -759.1538613884277 |   -733.4880896278551   |
|  366  |  0.035  |  1.900  | -751.0307311572934 |   -731.6001572888895   |
|  367  |  0.040  |  1.900  | -763.5933315164714 |   -700.9466606836702   |
|  368  |  0.045  |  1.900  | -755.1007131410486 |   -704.1945144719685   |
|  369  |  0.050  |  1.900  | -767.3428931238561 |   -697.6068821534514   |
|  370  |  0.055  |  1.900  | -746.7531953535915 |   -645.9073035745632   |
|  371  |  0.060  |  1.900  | -760.9693695612987 |   -666.3540046867831   |
|  372  |  0.065  |  1.900  | -762.6498420194378 |   -653.0197287048505   |
|  373  |  0.070  |  1.900  | -750.654674765207  |   -630.8704015698311   |
|  374  |  0.075  |  1.900  | -750.6589566554803 |   -618.6720013714184   |
|  375  |  0.080  |  1.900  | -743.8725120464463 |   -607.4819131460785   |
|  376  |  0.085  |  1.900  | -754.324559819388  |   -625.5240194108709   |
|  377  |  0.090  |  1.900  | -740.232029542557  |   -595.4566174207948   |
|  378  |  0.095  |  1.900  | -735.383117514905  |   -574.977551195366    |
|  379  |  0.100  |  1.900  | -732.4592997884804 |   -585.7457388689356   |
|  380  |  0.005  |  2.000  | -754.5391830928364 |   -766.7904403831888   |
|  381  |  0.010  |  2.000  | -740.3072190695307 |   -703.6502532525391   |
|  382  |  0.015  |  2.000  | -740.4472917716116 |   -762.4576280649486   |
|  383  |  0.020  |  2.000  | -767.8526708001895 |   -754.3785813135628   |
|  384  |  0.025  |  2.000  | -781.4631482953747 |   -761.6102780610665   |
|  385  |  0.030  |  2.000  | -765.8266660153988 |   -735.5999701185668   |
|  386  |  0.035  |  2.000  | -772.5698326422801 |   -737.861222989722    |
|  387  |  0.040  |  2.000  | -749.8337704019096 |   -688.0356152509104   |
|  388  |  0.045  |  2.000  | -758.3908231501034 |   -686.1915154676587   |
|  389  |  0.050  |  2.000  | -766.9067563703177 |   -703.6417800061059   |
|  390  |  0.055  |  2.000  | -758.8957660999861 |   -692.2829795042436   |
|  391  |  0.060  |  2.000  | -758.0792962357408 |   -651.1571037029323   |
|  392  |  0.065  |  2.000  | -764.2595203296171 |   -651.9040182266871   |
|  393  |  0.070  |  2.000  | -748.3294251787402 |   -642.3008015036849   |
|  394  |  0.075  |  2.000  | -748.1052617625242 |   -619.0657155619552   |
|  395  |  0.080  |  2.000  | -753.3810017872602 |   -608.4677509343493   |
|  396  |  0.085  |  2.000  | -753.5772147397822 |   -592.9886712742901   |
|  397  |  0.090  |  2.000  | -746.2415455333075 |   -591.7139566436873   |
|  398  |  0.095  |  2.000  | -753.7479436106114 |   -552.7720219887104   |
|  399  |  0.100  |  2.000  | -735.1717753446876 |   -568.4734540659402   |
+-------+---------+---------+--------------------+------------------------+
Sorted table: 
+-------+---------+---------+--------------------+------------------------+
| Index | Mutrate | Mutstep |    Best Fitness    | Avg Fitness of gen 100 |
+-------+---------+---------+--------------------+------------------------+
|   0   |  0.010  |  0.900  | -783.1455757431191 |   -782.1311561108558   |
|   1   |  0.025  |  2.000  | -781.4631482953747 |   -761.6102780610665   |
|   2   |  0.030  |  1.500  | -781.0766636832111 |   -763.5156941757838   |
|   3   |  0.015  |  1.100  | -776.0580637916046 |   -765.8856329360152   |
|   4   |  0.075  |  1.100  | -776.0396856159638 |   -730.064370461974    |
|   5   |  0.050  |  0.300  | -775.9246610363675 |   -781.1053274633306   |
|   6   |  0.010  |  1.400  | -775.9199712125935 |   -780.3311835385637   |
|   7   |  0.050  |  1.800  | -775.559161628136  |   -716.2060244010399   |
|   8   |  0.040  |  0.800  | -775.225263529831  |   -760.0902316941891   |
|   9   |  0.060  |  0.700  | -774.5224384319561 |   -769.1602849244641   |
|  10   |  0.025  |  1.800  | -774.0954842062336 |   -749.556162509591    |
|  11   |  0.045  |  1.200  | -773.8147320356156 |   -743.5911225779555   |
|  12   |  0.090  |  0.600  | -773.2454526518703 |   -745.869463559436    |
|  13   |  0.035  |  2.000  | -772.5698326422801 |   -737.861222989722    |
|  14   |  0.100  |  0.600  | -772.5127915545871 |   -759.5881954163754   |
|  15   |  0.070  |  0.800  | -771.9631090562268 |   -759.515196477889    |
|  16   |  0.085  |  0.800  | -771.132549168226  |   -735.2086764869915   |
|  17   |  0.070  |  1.000  | -770.1730585906823 |   -731.4946677616254   |
|  18   |  0.010  |  0.400  | -769.1557575743209 |   -754.8029861824293   |
|  19   |  0.025  |  0.200  | -769.1023459450813 |   -768.8188338040675   |
|  20   |  0.010  |  1.500  | -768.8461413084874 |   -765.0742908655648   |
|  21   |  0.005  |  1.900  | -768.5457355845338 |   -752.4053342024786   |
|  22   |  0.035  |  0.700  | -768.5163127683679 |   -762.9287103575206   |
|  23   |  0.025  |  1.400  | -768.4793563911885 |   -771.524361912974    |
|  24   |  0.040  |  0.900  | -768.0774804581713 |   -757.0687658408292   |
|  25   |  0.020  |  1.900  | -767.9752828100176 |   -771.8797096273323   |
|  26   |  0.095  |  0.900  | -767.9388628934352 |   -732.4076435027429   |
|  27   |  0.025  |  1.600  | -767.890678873276  |   -755.2270641028819   |
|  28   |  0.020  |  2.000  | -767.8526708001895 |   -754.3785813135628   |
|  29   |  0.040  |  1.100  | -767.4267475726928 |   -751.0680307511708   |
|  30   |  0.050  |  1.900  | -767.3428931238561 |   -697.6068821534514   |
|  31   |  0.090  |  1.000  | -767.3315748583636 |   -712.4242944155441   |
|  32   |  0.080  |  0.500  | -767.1374550658136 |   -756.2895279211355   |
|  33   |  0.085  |  1.100  | -767.034781376108  |   -711.9686407304586   |
|  34   |  0.050  |  2.000  | -766.9067563703177 |   -703.6417800061059   |
|  35   |  0.030  |  1.800  | -766.891351738105  |   -743.7634011936955   |
|  36   |  0.035  |  1.400  | -766.6841919566202 |   -735.166259955229    |
|  37   |  0.065  |  0.700  | -766.350616572576  |   -753.1209175063051   |
|  38   |  0.075  |  0.700  | -765.9910583843703 |   -747.4825204251837   |
|  39   |  0.030  |  2.000  | -765.8266660153988 |   -735.5999701185668   |
|  40   |  0.085  |  0.600  | -765.8112294033929 |   -735.1833880406144   |
|  41   |  0.045  |  1.400  | -765.5885415864723 |    -725.88417373001    |
|  42   |  0.035  |  1.800  | -765.5189194728403 |   -715.4525533016671   |
|  43   |  0.050  |  1.200  | -765.2674353669653 |   -736.1505615879576   |
|  44   |  0.090  |  1.500  | -765.2309141880912 |   -668.2404601338659   |
|  45   |  0.085  |  0.700  | -764.740293262153  |   -742.2624455519515   |
|  46   |  0.065  |  2.000  | -764.2595203296171 |   -651.9040182266871   |
|  47   |  0.095  |  1.200  | -764.0194572013946 |   -687.8494228691362   |
|  48   |  0.040  |  1.800  | -763.7820950535288 |   -731.8785224503017   |
|  49   |  0.065  |  0.900  | -763.7037198485789 |   -750.7022045710896   |
|  50   |  0.040  |  1.900  | -763.5933315164714 |   -700.9466606836702   |
|  51   |  0.095  |  0.800  | -763.5190067739569 |   -738.8009894079219   |
|  52   |  0.070  |  1.100  | -763.1726241831045 |   -721.2755041587449   |
|  53   |  0.065  |  1.900  | -762.6498420194378 |   -653.0197287048505   |
|  54   |  0.080  |  1.100  | -762.139192815902  |   -714.8483384610787   |
|  55   |  0.010  |  0.300  | -762.058272668253  |   -769.0306970388908   |
|  56   |  0.030  |  0.200  | -762.0319760606462 |   -768.8344949995388   |
|  57   |  0.010  |  0.800  | -762.0004747183252 |   -768.4904385878252   |
|  58   |  0.020  |  0.500  | -761.9746729623597 |   -768.230707936583    |
|  59   |  0.010  |  1.100  | -761.9600753696293 |   -767.5591828347843   |
|  60   |  0.070  |  0.100  | -761.847531232563  |   -754.0530671588008   |
|  61   |  0.100  |  1.100  | -761.7840880534726 |   -688.8364894431064   |
|  62   |  0.015  |  1.200  | -761.7712193456773 |   -766.0188068076202   |
|  63   |  0.020  |  1.100  | -761.7172431978418 |   -764.701450664657    |
|  64   |  0.085  |  0.200  | -761.7059844957755 |   -753.1778179311439   |
|  65   |  0.045  |  0.400  | -761.6986548061616 |   -780.2823281781394   |
|  66   |  0.020  |  1.300  | -761.6330707629199 |   -733.5709394500514   |
|  67   |  0.045  |  0.500  | -761.6212078144924 |   -764.4678216939086   |
|  68   |  0.075  |  1.200  | -761.606918550888  |   -707.689256347123    |
|  69   |  0.055  |  1.500  | -761.5543510458508 |   -705.2513971445782   |
|  70   |  0.070  |  1.600  | -761.5520334066941 |   -697.5107863829679   |
|  71   |  0.045  |  0.700  | -761.440680083649  |   -774.4996419784518   |
|  72   |  0.020  |  1.200  | -761.4291835188576 |   -763.7930549591152   |
|  73   |  0.020  |  1.800  | -761.3132002543043 |   -744.5089744284661   |
|  74   |  0.020  |  1.600  | -761.2692518844344 |   -759.2138170396836   |
|  75   |  0.075  |  0.400  | -761.1660614241559 |   -775.5730242317039   |
|  76   |  0.060  |  1.900  | -760.9693695612987 |   -666.3540046867831   |
|  77   |  0.020  |  1.700  | -760.9514606585328 |   -744.5498838245093   |
|  78   |  0.040  |  1.000  | -760.6650768996541 |   -754.6308278450782   |
|  79   |  0.030  |  1.000  | -760.605303199143  |   -773.4540988582979   |
|  80   |  0.070  |  1.200  | -760.4626969272686 |   -717.3332442450384   |
|  81   |  0.065  |  0.500  | -760.4593179498429 |   -746.6257920829341   |
|  82   |  0.060  |  1.500  | -760.2706473409909 |   -719.749337336024    |
|  83   |  0.025  |  1.900  | -760.2527866078599 |   -752.0150596567253   |
|  84   |  0.050  |  0.800  | -760.1813987995218 |   -755.5613004778894   |
|  85   |  0.030  |  1.400  | -760.0928052867405 |   -735.1690279569423   |
|  86   |  0.070  |  0.600  | -760.0759523261929 |   -741.0156689153928   |
|  87   |  0.035  |  1.600  | -759.9817860260532 |    -727.95624853447    |
|  88   |  0.100  |  0.400  | -759.9802281943241 |   -758.1473655475233   |
|  89   |  0.055  |  0.800  | -759.8432729468091 |   -738.2388671313415   |
|  90   |  0.095  |  0.500  | -759.8054009982034 |   -754.3822348936668   |
|  91   |  0.040  |  1.300  | -759.7837124192874 |   -747.1667222481224   |
|  92   |  0.050  |  0.900  | -759.7124751142466 |   -750.2313813422145   |
|  93   |  0.090  |  1.200  | -759.6938934047462 |   -680.687797786758    |
|  94   |  0.040  |  1.400  | -759.656584640712  |   -725.1170725071486   |
|  95   |  0.090  |  1.100  | -759.3493930658506 |   -707.0462907829333   |
|  96   |  0.045  |  1.100  | -759.3105397829515 |   -743.0945582820326   |
|  97   |  0.065  |  0.800  | -759.3081683009327 |   -745.5076454156958   |
|  98   |  0.065  |  1.600  | -759.237378803719  |    -693.09013389667    |
|  99   |  0.030  |  1.900  | -759.1538613884277 |   -733.4880896278551   |
|  100  |  0.080  |  0.700  | -759.0507211933674 |   -747.0319945399576   |
|  101  |  0.055  |  2.000  | -758.8957660999861 |   -692.2829795042436   |
|  102  |  0.060  |  0.900  | -758.6584908942071 |   -740.4795096774448   |
|  103  |  0.045  |  2.000  | -758.3908231501034 |   -686.1915154676587   |
|  104  |  0.060  |  1.000  | -758.2308640880265 |   -737.3557709866973   |
|  105  |  0.035  |  1.700  | -758.2004916956652 |   -737.6677161975741   |
|  106  |  0.075  |  1.300  | -758.1416490271114 |   -677.2851567527779   |
|  107  |  0.060  |  2.000  | -758.0792962357408 |   -651.1571037029323   |
|  108  |  0.090  |  0.700  | -757.7341500405801 |   -740.403826735333    |
|  109  |  0.070  |  1.500  | -757.5269820534693 |   -693.1056056162163   |
|  110  |  0.050  |  1.300  | -757.5073414616007 |   -715.5734106024952   |
|  111  |  0.055  |  1.600  | -757.4150419390006 |   -699.6291051559612   |
|  112  |  0.055  |  1.300  | -757.3279431986186 |   -717.1636917658991   |
|  113  |  0.060  |  1.800  | -757.1760189598452 |   -653.4573534835229   |
|  114  |  0.060  |  1.200  | -757.0702858153909 |   -724.8962615272186   |
|  115  |  0.060  |  1.100  | -757.0239637168168 |   -718.3253424505084   |
|  116  |  0.075  |  1.000  | -757.0178094114344 |   -712.283635378717    |
|  117  |  0.090  |  1.800  | -756.7412049467288 |   -624.0040671858299   |
|  118  |  0.050  |  1.500  | -756.3709221263439 |   -698.1004129829823   |
|  119  |  0.065  |  1.200  | -756.2741568250146 |   -706.896050884112    |
|  120  |  0.080  |  0.900  | -755.6423867821704 |   -720.1781919253509   |
|  121  |  0.080  |  1.000  | -755.2489205163722 |   -719.7333547197717   |
|  122  |  0.045  |  1.900  | -755.1007131410486 |   -704.1945144719685   |
|  123  |  0.075  |  1.400  | -755.0780968902314 |   -680.2888458963494   |
|  124  |  0.015  |  0.200  | -754.9660073237421 |   -740.6807720501959   |
|  125  |  0.015  |  0.600  | -754.9553171803386 |   -739.8596046676275   |
|  126  |  0.050  |  0.200  | -754.9242456011206 |   -768.3131743907887   |
|  127  |  0.010  |  1.000  | -754.9050809623119 |   -739.8520649200378   |
|  128  |  0.020  |  0.700  | -754.9042492835878 |   -753.1145153548331   |
|  129  |  0.045  |  0.200  | -754.9020830941961 |   -768.3736678601114   |
|  130  |  0.005  |  0.800  | -754.8902284751268 |   -754.5808202776145   |
|  131  |  0.055  |  0.200  | -754.8623464832638 |   -754.0839142382026   |
|  132  |  0.005  |  1.000  | -754.8529394733807 |   -754.0891506276935   |
|  133  |  0.010  |  1.300  | -754.8025136117573 |   -752.9878553387271   |
|  134  |  0.055  |  0.300  | -754.8001650551294 |   -781.1126558866209   |
|  135  |  0.025  |  0.500  | -754.7649237347118 |   -767.4232553913868   |
|  136  |  0.005  |  1.500  | -754.759056879916  |   -739.5775196209953   |
|  137  |  0.030  |  0.600  | -754.6339821917168 |   -752.3537026983958   |
|  138  |  0.015  |  1.700  | -754.6273412909952 |   -736.2839484755734   |
|  139  |  0.095  |  0.200  | -754.6184830170373 |   -752.5992426183618   |
|  140  |  0.005  |  0.200  | -754.5929301734255 |   -754.0583501603243   |
|  141  |  0.015  |  1.400  | -754.5475529721213 |   -749.7144213214174   |
|  142  |  0.005  |  2.000  | -754.5391830928364 |   -766.7904403831888   |
|  143  |  0.075  |  0.300  | -754.5233427098303 |   -737.276908837457    |
|  144  |  0.010  |  1.800  | -754.5155315091542 |   -776.9216512500753   |
|  145  |  0.040  |  0.600  | -754.3620773943538 |   -750.1212214260552   |
|  146  |  0.085  |  1.900  | -754.324559819388  |   -625.5240194108709   |
|  147  |  0.005  |  1.600  | -754.3079070772174 |   -767.0017161459909   |
|  148  |  0.035  |  0.900  | -754.3020791415852 |   -746.5489358080081   |
|  149  |  0.060  |  0.500  | -754.087429023487  |   -747.644063508715    |
|  150  |  0.090  |  0.900  | -753.956802615088  |   -731.2745817033864   |
|  151  |  0.050  |  0.600  | -753.9503352456741 |   -761.4333345840288   |
|  152  |  0.095  |  0.300  | -753.9343251651162 |   -763.2388484697673   |
|  153  |  0.100  |  1.200  | -753.8357598338317 |   -654.7746149364349   |
|  154  |  0.030  |  1.100  | -753.8232265282683 |   -745.1871870084016   |
|  155  |  0.080  |  1.800  | -753.7690577899518 |   -636.6138448549717   |
|  156  |  0.030  |  1.200  | -753.7626053285237 |   -770.9643191388109   |
|  157  |  0.090  |  1.300  | -753.7497384740439 |   -676.0178777537291   |
|  158  |  0.095  |  2.000  | -753.7479436106114 |   -552.7720219887104   |
|  159  |  0.025  |  1.700  | -753.6607385486654 |   -738.2606243678301   |
|  160  |  0.085  |  2.000  | -753.5772147397822 |   -592.9886712742901   |
|  161  |  0.060  |  1.600  | -753.5003136725652 |   -682.2186103555715   |
|  162  |  0.085  |  0.400  | -753.4701439776129 |   -746.4355508269614   |
|  163  |  0.080  |  2.000  | -753.3810017872602 |   -608.4677509343493   |
|  164  |  0.045  |  0.800  |  -753.36977356871  |   -729.1706840787447   |
|  165  |  0.075  |  1.600  | -753.1484355734868 |   -697.425150184583    |
|  166  |  0.035  |  1.300  | -753.0712622746041 |   -725.1283155751474   |
|  167  |  0.055  |  1.800  | -752.8862353017433 |   -671.753904038884    |
|  168  |  0.035  |  1.200  | -752.7005865238805 |   -723.8632011628812   |
|  169  |  0.045  |  1.300  | -752.6886817419762 |   -714.3927952891725   |
|  170  |  0.040  |  1.200  | -752.5838643714271 |   -718.9465050100504   |
|  171  |  0.045  |  1.000  | -752.4722327013346 |   -722.2618119078202   |
|  172  |  0.070  |  1.400  | -752.4599073318136 |   -683.9908453598385   |
|  173  |  0.055  |  0.900  | -752.372040696866  |   -709.1338714575111   |
|  174  |  0.060  |  0.800  | -752.3445010444264 |   -735.1792800047028   |
|  175  |  0.040  |  1.500  | -752.1692505317969 |   -721.9167466666414   |
|  176  |  0.050  |  1.100  | -751.9408092467022 |   -711.3471387812376   |
|  177  |  0.095  |  0.600  | -751.8004712245595 |   -720.5708183994855   |
|  178  |  0.070  |  1.800  | -751.4934901679703 |   -667.7452504498049   |
|  179  |  0.095  |  1.600  | -751.2798545831924 |   -627.4602437561384   |
|  180  |  0.100  |  1.300  | -751.1766475686156 |   -651.5934703321267   |
|  181  |  0.040  |  1.700  | -751.0847742580602 |   -700.4745744843726   |
|  182  |  0.060  |  1.700  | -751.0518680137758 |   -688.0022607352746   |
|  183  |  0.035  |  1.900  | -751.0307311572934 |   -731.6001572888895   |
|  184  |  0.045  |  1.500  | -751.0306307344008 |   -710.0799680738601   |
|  185  |  0.095  |  1.500  | -750.8410150003219 |   -657.2404022209665   |
|  186  |  0.040  |  1.600  | -750.8017706600187 |   -713.059011098951    |
|  187  |  0.075  |  1.900  | -750.6589566554803 |   -618.6720013714184   |
|  188  |  0.070  |  1.900  | -750.654674765207  |   -630.8704015698311   |
|  189  |  0.075  |  1.700  | -750.6129491423512 |   -646.715065270508    |
|  190  |  0.075  |  0.800  | -750.4512621469798 |   -724.9963959429828   |
|  191  |  0.080  |  0.800  | -750.250220916452  |   -724.2749231592803   |
|  192  |  0.045  |  1.700  | -750.1889857873019 |   -702.0850696275259   |
|  193  |  0.040  |  2.000  | -749.8337704019096 |   -688.0356152509104   |
|  194  |  0.050  |  1.400  | -749.8124006455355 |   -684.5078547839399   |
|  195  |  0.065  |  1.500  | -749.6332574031508 |   -683.5657931132835   |
|  196  |  0.100  |  1.000  | -749.447585836147  |   -687.5798446660766   |
|  197  |  0.065  |  1.700  | -749.2806547718474 |   -663.2876709206377   |
|  198  |  0.080  |  1.300  | -749.2545784540926 |   -690.860593758194    |
|  199  |  0.100  |  0.800  | -749.2372561355241 |   -709.0370067617298   |
|  200  |  0.060  |  1.300  | -748.8400408811701 |   -719.7647500787588   |
|  201  |  0.085  |  1.200  | -748.5773735555856 |   -714.6351482940395   |
|  202  |  0.075  |  1.500  | -748.4804511575345 |   -654.7190231400757   |
|  203  |  0.070  |  2.000  | -748.3294251787402 |   -642.3008015036849   |
|  204  |  0.085  |  1.300  | -748.1383937177413 |   -669.9578836873085   |
|  205  |  0.075  |  2.000  | -748.1052617625242 |   -619.0657155619552   |
|  206  |  0.095  |  1.400  | -748.080392436666  |   -667.3285869745134   |
|  207  |  0.010  |  0.200  | -747.9509178739706 |   -740.8257823281649   |
|  208  |  0.060  |  0.100  | -747.9158713575368 |   -754.7573352031862   |
|  209  |  0.055  |  0.100  | -747.9082371653357 |   -740.6063223930279   |
|  210  |  0.010  |  0.700  | -747.8708920837689 |   -740.3004736527167   |
|  211  |  0.005  |  0.600  | -747.867536706452  |   -754.7162742823288   |
|  212  |  0.030  |  0.300  | -747.8494799592838 |   -754.2513499261707   |
|  213  |  0.040  |  0.300  | -747.8160982342974 |   -753.6876890234536   |
|  214  |  0.045  |  0.100  | -747.811417120621  |   -754.4707254416702   |
|  215  |  0.060  |  0.200  | -747.8107407510124 |   -739.675572141749    |
|  216  |  0.025  |  0.400  | -747.7973638619474 |   -767.9871687215084   |
|  217  |  0.005  |  0.400  | -747.7969593952422 |   -754.6852761281879   |
|  218  |  0.030  |  0.500  | -747.7525168218147 |   -753.102302916826    |
|  219  |  0.035  |  0.400  | -747.7461018350327 |   -738.807904926662    |
|  220  |  0.020  |  0.800  | -747.7166223163167 |   -752.2026403891314   |
|  221  |  0.020  |  1.000  | -747.7155864796689 |   -765.9257483995611   |
|  222  |  0.080  |  0.100  | -747.6498080698178 |   -740.2144458604891   |
|  223  |  0.015  |  1.500  | -747.629835356428  |   -735.8465815289737   |
|  224  |  0.015  |  1.300  | -747.5840458584903 |   -736.9028762216666   |
|  225  |  0.055  |  1.400  | -747.5472896580152 |   -690.1819799875991   |
|  226  |  0.025  |  0.900  | -747.5425708049434 |   -750.9783576483345   |
|  227  |  0.015  |  1.600  | -747.4960791091906 |   -735.4765939542316   |
|  228  |  0.010  |  1.700  | -747.4897387527822 |   -763.6861328780328   |
|  229  |  0.050  |  0.400  | -747.4558305354064 |   -737.8545504885666   |
|  230  |  0.055  |  0.400  | -747.4350527876625 |   -708.5203751124344   |
|  231  |  0.085  |  1.500  | -747.4213120097813 |   -652.2254872869496   |
|  232  |  0.085  |  0.300  | -747.4068426842368 |   -736.4738407235174   |
|  233  |  0.070  |  0.300  | -747.3734360856593 |   -765.7416953369965   |
|  234  |  0.025  |  1.100  | -747.3660135335832 |   -747.2173524209346   |
|  235  |  0.065  |  1.400  | -747.3256931051028 |   -718.5252045327878   |
|  236  |  0.025  |  1.200  | -747.2961888457667 |   -761.5677043648282   |
|  237  |  0.020  |  1.500  | -747.2740959831447 |   -730.2676121583695   |
|  238  |  0.070  |  0.400  | -747.2597621267622 |   -719.8004203854829   |
|  239  |  0.085  |  1.800  | -747.2505787976004 |   -611.5097871981125   |
|  240  |  0.060  |  0.400  | -747.2348109944267 |   -735.836011629737    |
|  241  |  0.055  |  0.500  | -747.1676404816951 |   -748.1272505876755   |
|  242  |  0.040  |  0.700  | -747.1537290803975 |   -761.0499394224764   |
|  243  |  0.045  |  1.800  | -747.055990017815  |   -698.722462840158    |
|  244  |  0.055  |  0.600  | -746.8943448073348 |   -758.2070662475863   |
|  245  |  0.025  |  1.000  | -746.8841902708664 |   -721.6014766637984   |
|  246  |  0.055  |  1.900  | -746.7531953535915 |   -645.9073035745632   |
|  247  |  0.045  |  0.900  | -746.6844289128261 |   -771.2304885793725   |
|  248  |  0.080  |  0.400  | -746.5915918526575 |   -747.9759697711256   |
|  249  |  0.030  |  1.300  | -746.5629053021671 |   -725.8210642411185   |
|  250  |  0.095  |  1.000  | -746.4107065489399 |   -691.345910597519    |
|  251  |  0.025  |  1.500  | -746.3642711247796 |   -729.1649767919047   |
|  252  |  0.090  |  2.000  | -746.2415455333075 |   -591.7139566436873   |
|  253  |  0.085  |  1.000  | -746.081600300753  |   -705.6192163938903   |
|  254  |  0.065  |  0.600  | -746.0487619307933 |   -727.959699737314    |
|  255  |  0.085  |  0.500  | -745.5576374856576 |   -754.7066725201954   |
|  256  |  0.030  |  1.600  | -745.5481535730671 |   -734.6864464973796   |
|  257  |  0.080  |  1.700  | -745.4381838947963 |   -643.2617766772493   |
|  258  |  0.030  |  1.700  | -745.3001543790706 |   -722.0346887858395   |
|  259  |  0.095  |  1.300  | -745.1073480283671 |   -659.5331936045078   |
|  260  |  0.070  |  0.700  | -745.0793929147262 |   -736.7977338912004   |
|  261  |  0.065  |  1.300  | -744.7719677498967 |   -708.9420285163727   |
|  262  |  0.100  |  1.800  | -744.6566425576891 |   -574.3426406445727   |
|  263  |  0.085  |  1.400  | -744.5622248911311 |   -676.1090908666131   |
|  264  |  0.075  |  1.800  | -744.5275679272224 |   -659.5987395559998   |
|  265  |  0.080  |  1.500  | -744.0821505253241 |   -666.1583965687333   |
|  266  |  0.080  |  1.900  | -743.8725120464463 |   -607.4819131460785   |
|  267  |  0.080  |  1.600  | -743.8663856226719 |   -641.0292695970253   |
|  268  |  0.100  |  0.700  | -743.6441413862626 |   -724.2485261980751   |
|  269  |  0.090  |  1.700  | -743.6091032244881 |   -578.8964605259764   |
|  270  |  0.100  |  1.400  | -743.4186612844194 |   -617.7187908776414   |
|  271  |  0.070  |  1.700  | -743.0226354424805 |   -662.1347487375018   |
|  272  |  0.050  |  1.600  | -742.4219396963479 |   -686.3172007298886   |
|  273  |  0.090  |  0.800  | -742.3376402641543 |   -690.933417345575    |
|  274  |  0.070  |  1.300  | -742.1307054796719 |   -687.0464976407276   |
|  275  |  0.085  |  0.900  | -741.3994600576063 |   -687.285143976583    |
|  276  |  0.020  |  0.400  | -740.8474377795819 |   -768.6049949413623   |
|  277  |  0.005  |  0.500  | -740.8310650952892 |   -740.6458325392613   |
|  278  |  0.025  |  0.300  | -740.8268107413048 |   -754.5321752739197   |
|  279  |  0.015  |  0.800  | -740.8158498599119 |   -710.9817205025952   |
|  280  |  0.090  |  0.100  | -740.7921146591605 |   -740.3488375044237   |
|  281  |  0.050  |  0.100  | -740.7861951531265 |   -712.3452314614028   |
|  282  |  0.005  |  0.700  | -740.7737952257036 |   -712.3089908896274   |
|  283  |  0.025  |  0.600  | -740.7601773062333 |   -724.9038417418802   |
|  284  |  0.015  |  0.900  | -740.7247893034856 |   -738.7319371809141   |
|  285  |  0.035  |  0.300  | -740.7124687954047 |   -753.5245240298879   |
|  286  |  0.065  |  0.100  |  -740.66669745573  |   -754.6853277155989   |
|  287  |  0.050  |  1.700  | -740.6444140219716 |   -695.6642900619714   |
|  288  |  0.005  |  1.300  | -740.5965965680758 |   -739.4755958903877   |
|  289  |  0.025  |  0.700  | -740.5828750726909 |   -738.3841782969088   |
|  290  |  0.025  |  0.800  | -740.5528913800943 |   -737.5807156863787   |
|  291  |  0.035  |  0.500  | -740.5526422630851 |   -766.2984209504785   |
|  292  |  0.100  |  1.500  | -740.5479572197607 |    -639.72926872857    |
|  293  |  0.080  |  0.200  | -740.5390581923083 |   -724.8727635006657   |
|  294  |  0.040  |  0.500  | -740.4779381910378 |   -722.8079468041512   |
|  295  |  0.015  |  2.000  | -740.4472917716116 |   -762.4576280649486   |
|  296  |  0.030  |  0.800  | -740.409735414205  |   -736.3244354694024   |
|  297  |  0.010  |  2.000  | -740.3072190695307 |   -703.6502532525391   |
|  298  |  0.015  |  1.900  | -740.2777399127301 |   -720.2960465076618   |
|  299  |  0.005  |  1.800  | -740.2503455235671 |   -766.5415207926187   |
|  300  |  0.090  |  1.900  | -740.232029542557  |   -595.4566174207948   |
|  301  |  0.045  |  0.600  | -740.1411779590327 |   -719.0045657348887   |
|  302  |  0.030  |  0.900  | -740.135694499413  |   -749.6923095646216   |
|  303  |  0.080  |  0.300  | -740.1073376853276 |   -735.6581061027492   |
|  304  |  0.065  |  0.400  | -740.0897970676901 |   -763.4754443348555   |
|  305  |  0.100  |  0.300  | -739.9617845113546 |   -721.7335223762152   |
|  306  |  0.085  |  1.600  | -739.2712190922477 |   -632.3666177298145   |
|  307  |  0.075  |  0.500  | -739.1012147225364 |   -758.4163812374577   |
|  308  |  0.055  |  0.700  | -738.9766516969346 |   -701.6065634530229   |
|  309  |  0.035  |  1.500  | -738.6702129069945 |   -743.6810848103826   |
|  310  |  0.080  |  1.400  | -738.5268235040173 |   -656.4975705116146   |
|  311  |  0.060  |  1.400  |  -738.37874825068  |   -665.260757309016    |
|  312  |  0.055  |  1.700  | -738.356226056808  |   -663.6649666322771   |
|  313  |  0.090  |  0.500  | -738.3399368453872 |   -712.7968547209108   |
|  314  |  0.055  |  1.000  | -738.0597667602503 |   -698.7912463206239   |
|  315  |  0.080  |  1.200  | -737.9491892220358 |   -702.1198456542454   |
|  316  |  0.090  |  1.400  | -737.7985307468468 |   -632.873256468242    |
|  317  |  0.095  |  1.700  | -737.3927765656338 |   -624.2148778299971   |
|  318  |  0.025  |  0.100  | -736.735413162083  |   -744.6439424605262   |
|  319  |  0.085  |  1.700  | -736.6964796397979 |   -631.756469539319    |
|  320  |  0.065  |  1.100  | -736.6153673713166 |   -697.5297094395255   |
|  321  |  0.020  |  0.100  | -736.525882996262  |   -729.8643851217646   |
|  322  |  0.015  |  0.100  | -736.4035491380519 |   -740.8033479406474   |
|  323  |  0.100  |  1.700  | -736.0353869290648 |   -594.4708588140854   |
|  324  |  0.045  |  1.600  | -735.9740964160043 |   -734.7822458359288   |
|  325  |  0.095  |  1.900  | -735.383117514905  |   -574.977551195366    |
|  326  |  0.100  |  2.000  | -735.1717753446876 |   -568.4734540659402   |
|  327  |  0.065  |  1.000  | -734.9505786154776 |   -687.8206359634604   |
|  328  |  0.065  |  1.800  | -734.6622711856951 |   -676.4045926774787   |
|  329  |  0.090  |  1.600  | -734.4385435207371 |   -615.8808745531428   |
|  330  |  0.015  |  0.300  | -733.8041240952114 |   -754.8053223350622   |
|  331  |  0.020  |  0.300  | -733.7973025751558 |   -712.2644569023965   |
|  332  |  0.005  |  0.300  | -733.7871827570384 |   -769.0803575621552   |
|  333  |  0.010  |  0.600  | -733.7307603402496 |   -698.0112320312985   |
|  334  |  0.020  |  0.600  | -733.7277077219305 |   -753.7281914560602   |
|  335  |  0.030  |  0.400  | -733.7041237014985 |   -711.3452632314385   |
|  336  |  0.005  |  0.900  | -733.6698995243407 |   -740.2659387743066   |
|  337  |  0.015  |  1.000  | -733.6629058146027 |   -724.8349695936807   |
|  338  |  0.065  |  0.200  | -733.6483208549482 |   -739.614724541829    |
|  339  |  0.045  |  0.300  | -733.6251548873942 |   -739.172502520671    |
|  340  |  0.075  |  0.200  | -733.5501572651985 |   -710.9551962569219   |
|  341  |  0.010  |  1.600  | -733.5306681218757 |   -723.498147439244    |
|  342  |  0.005  |  1.700  |  -733.50805368132  |   -710.9696716285639   |
|  343  |  0.070  |  0.200  | -733.4914624376904 |   -739.4609548232764   |
|  344  |  0.005  |  1.100  | -733.4602383321841 |   -711.7563743737992   |
|  345  |  0.005  |  1.400  | -733.4414163926913 |   -711.3574485396367   |
|  346  |  0.065  |  0.300  | -733.4018259041918 |   -723.5989127841236   |
|  347  |  0.060  |  0.300  | -733.397882354567  |   -752.0581457732654   |
|  348  |  0.090  |  0.200  | -733.3504320559362 |   -752.9687574084899   |
|  349  |  0.035  |  0.600  | -733.2558546757241 |   -708.1541877758193   |
|  350  |  0.100  |  1.600  | -733.1960421637377 |   -595.7830357274169   |
|  351  |  0.035  |  1.000  | -732.8056983507272 |   -715.2322792338291   |
|  352  |  0.050  |  0.700  | -732.7568479529918 |   -687.5822218609858   |
|  353  |  0.100  |  1.900  | -732.4592997884804 |   -585.7457388689356   |
|  354  |  0.090  |  0.400  | -732.4422363420204 |   -716.8435928374143   |
|  355  |  0.060  |  0.600  | -732.0778959648364 |   -715.1315693647475   |
|  356  |  0.075  |  0.600  | -731.4315069819188 |   -724.5535110225403   |
|  357  |  0.050  |  1.000  | -730.903483645937  |   -691.4683259292723   |
|  358  |  0.030  |  0.100  | -730.4807133862437 |   -712.6825294546702   |
|  359  |  0.055  |  1.100  | -729.6159576840171 |   -724.5958670892545   |
|  360  |  0.070  |  0.900  | -729.5528849380958 |   -712.9585562390744   |
|  361  |  0.075  |  0.900  | -729.2967680414549 |   -706.2706939059613   |
|  362  |  0.055  |  1.200  | -728.5747378525632 |   -689.8246124721053   |
|  363  |  0.095  |  1.800  | -728.1798595425298 |   -593.1947397679728   |
|  364  |  0.010  |  0.500  | -726.711798178856  |   -726.4185610277199   |
|  365  |  0.035  |  0.200  | -726.7113869338955 |   -726.3313664978159   |
|  366  |  0.020  |  0.200  | -726.7062471942029 |   -740.6576510997362   |
|  367  |  0.015  |  0.400  | -726.6901286008664 |   -698.0910323672592   |
|  368  |  0.040  |  0.200  | -726.6841433489603 |   -726.1424859663575   |
|  369  |  0.100  |  0.100  | -726.6616291007192 |   -740.3025399875436   |
|  370  |  0.020  |  0.900  | -726.5671658250858 |   -724.1625585334328   |
|  371  |  0.010  |  1.200  | -726.4972951799155 |   -724.6596720267931   |
|  372  |  0.030  |  0.700  | -726.4532625923816 |   -723.2052220376197   |
|  373  |  0.005  |  1.200  | -726.3872446225984 |   -725.6446229639746   |
|  374  |  0.100  |  0.200  | -726.3631559436426 |   -738.6081956876036   |
|  375  |  0.035  |  0.800  | -726.2492230598145 |   -719.7963241662516   |
|  376  |  0.015  |  1.800  | -726.1003639367428 |   -746.4076919049947   |
|  377  |  0.025  |  1.300  | -726.0440331909097 |   -676.2180827573178   |
|  378  |  0.050  |  0.500  | -725.9473777232386 |   -721.662098056529    |
|  379  |  0.020  |  1.400  | -725.887071156194  |   -719.6062103748043   |
|  380  |  0.090  |  0.300  | -725.8353318952215 |   -722.1556659277092   |
|  381  |  0.035  |  1.100  | -725.4954317301238 |   -698.7037080454854   |
|  382  |  0.070  |  0.500  | -725.4206852972723 |   -744.9538670504407   |
|  383  |  0.100  |  0.900  | -724.7667466562227 |   -670.8291288679111   |
|  384  |  0.080  |  0.600  | -723.9091994332299 |   -697.4341827181788   |
|  385  |  0.100  |  0.500  | -723.762853555693  |   -737.7465514530602   |
|  386  |  0.010  |  0.100  | -722.2636807403208 |   -748.6124292526146   |
|  387  |  0.095  |  0.700  | -721.3353799275258 |   -696.8757783411402   |
|  388  |  0.075  |  0.100  | -719.6218753645251 |   -712.2112967826985   |
|  389  |  0.015  |  0.700  | -719.549430121762  |   -725.8167322869766   |
|  390  |  0.040  |  0.400  | -719.3323526843964 |   -724.3771758275501   |
|  391  |  0.040  |  0.100  | -719.1496985820237 |   -696.4564095615913   |
|  392  |  0.095  |  0.100  | -712.5339640819827 |   -740.2838184233711   |
|  393  |  0.085  |  0.100  | -712.5146433260278 |   -726.2470855731386   |
|  394  |  0.010  |  1.900  | -712.1588433013483 |   -735.3459571056814   |
|  395  |  0.095  |  0.400  | -710.8567866666293 |   -703.2110966552086   |
|  396  |  0.035  |  0.100  | -706.3827911598021 |   -713.6072093717527   |
|  397  |  0.095  |  1.100  | -705.5556074741326 |   -656.5577348871587   |
|  398  |  0.015  |  0.500  | -705.4888050034331 |   -683.766999886484    |
|  399  |  0.005  |  0.100  | -700.5182342700272 |   -650.1165963827086   |
+-------+---------+---------+--------------------+------------------------+

Top 5 performers to further investigate: 
+-------+---------+---------+--------------------+--------------------+
| Index | Mutrate | Mutstep |      Mutstep       |    Best Fitness    |
+-------+---------+---------+--------------------+--------------------+
|   0   |  0.010  |  0.900  | -783.1455757431191 | -782.1311561108558 |
|   1   |  0.025  |  2.000  | -781.4631482953747 | -761.6102780610665 |
|   2   |  0.030  |  1.500  | -781.0766636832111 | -763.5156941757838 |
|   3   |  0.015  |  1.100  | -776.0580637916046 | -765.8856329360152 |
|   4   |  0.075  |  1.100  | -776.0396856159638 | -730.064370461974  |
+-------+---------+---------+--------------------+--------------------+

Final Results of running the 5 best discovered combinations for 5 runs and averaging average fitness and best fitness in generation 200
+-------+---------+---------+--------------------+--------------------+
| Index | Mutrate | Mutstep |    best fitness    |    avg fitness     |
+-------+---------+---------+--------------------+--------------------+
|   0   |  0.010  |  0.900  | -783.1612889867388 | -782.0859092261296 |
|   1   |  0.015  |  1.100  | -783.0255868641257 | -781.2643631531388 |
|   2   |  0.025  |  2.000  | -779.7001687142081 | -758.6312325564229 |
|   3   |  0.075  |  1.100  | -777.7821275868725 | -726.6971307873749 |
|   4   |  0.030  |  1.500  | -767.6760411909697 | -749.7534010916083 |
+-------+---------+---------+--------------------+--------------------+
Time to run: 31.452055513858795 minutes
Best performer is:
Mutrate:     0.010
Mutstep:     0.900
Best score: -783.1612889867388
Average score: -782.0859092261296
+------+----------+--------------------+--------------------+
| Runs | Pop Size |        Best        |      Average       |
+------+----------+--------------------+--------------------+
| 100  |   200    | -782.0853902718338 | -780.651653352363  |
| 100  |   250    | -768.4838856594257 | -767.1788701120753 |
| 100  |   300    | -782.7429092571437 | -781.1606262015626 |
| 100  |   350    | -782.6409523080247 | -781.1582249192676 |
| 100  |   400    | -783.0275830352413 | -781.739540454251  |
| 200  |   200    | -783.2601864560095 | -782.0786474926846 |
| 200  |   250    | -783.2601792306968 | -782.285712406458  |
| 200  |   300    | -783.2699841776599 | -781.9854123001428 |
| 200  |   350    | -783.2878128286391 | -782.0108138867221 |
| 200  |   400    | -783.2873540634781 | -781.9544726094093 |
| 300  |   200    | -783.3041467642835 | -782.2704128704129 |
| 300  |   250    | -783.3049752610656 | -782.1510853844024 |
| 300  |   300    | -769.1787271100588 | -768.2199646376828 |
| 300  |   350    | -783.3149981955642 | -782.1730244104668 |
| 300  |   400    | -783.3128235826582 | -782.5102379810469 |
| 400  |   200    | -783.3070664060567 | -782.0841858189584 |
| 400  |   250    | -783.3155277699376 | -782.2754669842759 |
| 400  |   300    | -783.3186806172581 | -782.1361531456865 |
| 400  |   350    | -783.3200154172565 | -782.3634434919128 |
| 400  |   400    | -783.3198874945309 | -782.0387991007126 |
| 500  |   200    | -783.3181151811796 | -782.2996814368257 |
| 500  |   250    | -783.3186287906217 | -782.6664937782999 |
| 500  |   300    | -783.3180934965083 | -782.068748887326  |
| 500  |   350    | -783.3223669615063 | -782.622104513928  |
| 500  |   400    | -783.3221906412045 | -782.4722953535374 |
+------+----------+--------------------+--------------------+