-----------------GA Results-----------------
Settings as follows:
{"Starting mutrate: ": 0.0, "Starting mutstep": 0.0, "Number of runs to average over": 5, "No of mutstep increases": 40, "No of mutrate increases": 20, "Size of mutrate increases": 0.005, "Size of mutstep": 0.05, "Number of generations": 100}
Unsorted data:
+-------+---------+---------+--------------------+
| Index | Mutrate | Mutstep |    Best Fitness    |
+-------+---------+---------+--------------------+
|   0   |  0.005  |  0.050  | -578.9590311158437 |
|   1   |  0.010  |  0.050  | -541.8956388168046 |
|   2   |  0.015  |  0.050  | -568.8081752567899 |
|   3   |  0.020  |  0.050  | -526.0495655631678 |
|   4   |  0.025  |  0.050  | -554.8390411881958 |
|   5   |  0.030  |  0.050  | -567.8035272794218 |
|   6   |  0.035  |  0.050  | -623.6220531082623 |
|   7   |  0.040  |  0.050  | -576.912609645642  |
|   8   |  0.045  |  0.050  | -604.0324789424516 |
|   9   |  0.050  |  0.050  | -619.1295425382594 |
|  10   |  0.055  |  0.050  | -598.9724960250805 |
|  11   |  0.060  |  0.050  | -607.7436131818855 |
|  12   |  0.065  |  0.050  | -606.8329565271379 |
|  13   |  0.070  |  0.050  | -597.7058132146938 |
|  14   |  0.075  |  0.050  | -604.6033302623977 |
|  15   |  0.080  |  0.050  | -641.1913579448416 |
|  16   |  0.085  |  0.050  | -591.8740533277136 |
|  17   |  0.090  |  0.050  | -614.3497541971341 |
|  18   |  0.095  |  0.050  | -607.7428952326212 |
|  19   |  0.100  |  0.050  | -617.3907298094559 |
|  20   |  0.010  |  0.100  | -589.5707013358207 |
|  21   |  0.015  |  0.100  | -624.9148315501371 |
|  22   |  0.020  |  0.100  | -615.2154962247663 |
|  23   |  0.025  |  0.100  | -606.0710137018808 |
|  24   |  0.030  |  0.100  | -617.4548949315866 |
|  25   |  0.035  |  0.100  | -630.2989584261198 |
|  26   |  0.040  |  0.100  | -637.420456296254  |
|  27   |  0.045  |  0.100  | -624.1449091577801 |
|  28   |  0.050  |  0.100  | -631.8572284112055 |
|  29   |  0.055  |  0.100  | -635.8626448053948 |
|  30   |  0.060  |  0.100  | -641.0572572727347 |
|  31   |  0.065  |  0.100  | -678.2709262644194 |
|  32   |  0.070  |  0.100  | -645.1168219686208 |
|  33   |  0.075  |  0.100  | -628.3770148447204 |
|  34   |  0.080  |  0.100  | -664.1625218188268 |
|  35   |  0.085  |  0.100  | -652.192588904261  |
|  36   |  0.090  |  0.100  | -665.5258212768449 |
|  37   |  0.095  |  0.100  | -631.9046164333499 |
|  38   |  0.100  |  0.100  | -674.3758053273766 |
|  39   |  0.010  |  0.100  | -602.8822877321446 |
|  40   |  0.015  |  0.150  | -615.0946560422713 |
|  41   |  0.020  |  0.150  | -627.5416360283084 |
|  42   |  0.025  |  0.150  | -638.970442364139  |
|  43   |  0.030  |  0.150  | -660.1517168910284 |
|  44   |  0.035  |  0.150  | -673.7387495681039 |
|  45   |  0.040  |  0.150  | -666.7480252870613 |
|  46   |  0.045  |  0.150  | -686.0886137177915 |
|  47   |  0.050  |  0.150  | -659.732335615309  |
|  48   |  0.055  |  0.150  | -672.8079586032408 |
|  49   |  0.060  |  0.150  | -671.0596997479429 |
|  50   |  0.065  |  0.150  | -677.7771834878217 |
|  51   |  0.070  |  0.150  | -683.7603097364969 |
|  52   |  0.075  |  0.150  | -690.1605545148997 |
|  53   |  0.080  |  0.150  | -662.393550843217  |
|  54   |  0.085  |  0.150  | -666.3468546581952 |
|  55   |  0.090  |  0.150  | -690.2195317795605 |
|  56   |  0.095  |  0.150  | -669.6778919536295 |
|  57   |  0.100  |  0.150  | -663.4793040950271 |
|  58   |  0.010  |  0.150  | -619.7445257998756 |
|  59   |  0.015  |  0.150  | -620.9163148901021 |
|  60   |  0.020  |  0.200  | -661.3211009868535 |
|  61   |  0.025  |  0.200  | -652.6563745386534 |
|  62   |  0.030  |  0.200  | -661.731915785678  |
|  63   |  0.035  |  0.200  | -667.5291795379921 |
|  64   |  0.040  |  0.200  | -667.1993629811057 |
|  65   |  0.045  |  0.200  | -670.316618814043  |
|  66   |  0.050  |  0.200  | -685.906801615723  |
|  67   |  0.055  |  0.200  | -674.1628671210821 |
|  68   |  0.060  |  0.200  | -702.8321580712698 |
|  69   |  0.065  |  0.200  | -687.7692554012052 |
|  70   |  0.070  |  0.200  | -691.6917010167208 |
|  71   |  0.075  |  0.200  | -697.2537650971703 |
|  72   |  0.080  |  0.200  | -683.5898877977186 |
|  73   |  0.085  |  0.200  | -691.2772168770265 |
|  74   |  0.090  |  0.200  | -701.2441789091192 |
|  75   |  0.095  |  0.200  | -692.4381581726079 |
|  76   |  0.100  |  0.200  | -709.1180382854611 |
|  77   |  0.010  |  0.200  | -638.1032203787104 |
|  78   |  0.015  |  0.200  | -667.6036165115622 |
|  79   |  0.020  |  0.200  | -615.4729382500627 |
|  80   |  0.025  |  0.250  | -677.6689091546203 |
|  81   |  0.030  |  0.250  | -689.8087741499878 |
|  82   |  0.035  |  0.250  | -680.6388905419499 |
|  83   |  0.040  |  0.250  | -684.9027635881204 |
|  84   |  0.045  |  0.250  | -689.3551989222445 |
|  85   |  0.050  |  0.250  | -697.9616381741613 |
|  86   |  0.055  |  0.250  | -686.8029726823904 |
|  87   |  0.060  |  0.250  | -721.2788957820223 |
|  88   |  0.065  |  0.250  | -712.3887680742803 |
|  89   |  0.070  |  0.250  | -689.4772466743176 |
|  90   |  0.075  |  0.250  | -707.709231011914  |
|  91   |  0.080  |  0.250  | -683.2097659296252 |
|  92   |  0.085  |  0.250  | -699.9451744195246 |
|  93   |  0.090  |  0.250  | -695.4226727775974 |
|  94   |  0.095  |  0.250  | -680.253945625064  |
|  95   |  0.100  |  0.250  | -671.5423912691568 |
|  96   |  0.010  |  0.250  | -664.9929772178941 |
|  97   |  0.015  |  0.250  | -651.059113608584  |
|  98   |  0.020  |  0.250  | -660.8294987033744 |
|  99   |  0.025  |  0.250  | -661.1292443432505 |
|  100  |  0.030  |  0.300  | -685.3716186470456 |
|  101  |  0.035  |  0.300  | -675.1566316704174 |
|  102  |  0.040  |  0.300  | -686.6505900292981 |
|  103  |  0.045  |  0.300  | -705.7928609096573 |
|  104  |  0.050  |  0.300  | -708.4497432115155 |
|  105  |  0.055  |  0.300  | -698.0246150119086 |
|  106  |  0.060  |  0.300  | -690.9128234002961 |
|  107  |  0.065  |  0.300  | -722.5340145642595 |
|  108  |  0.070  |  0.300  | -667.9771864196116 |
|  109  |  0.075  |  0.300  | -712.3921998739859 |
|  110  |  0.080  |  0.300  | -697.7764361717019 |
|  111  |  0.085  |  0.300  | -681.7083344076707 |
|  112  |  0.090  |  0.300  | -672.6169390677125 |
|  113  |  0.095  |  0.300  |  -689.45909564373  |
|  114  |  0.100  |  0.300  | -668.5013298678543 |
|  115  |  0.010  |  0.300  | -667.6237487354069 |
|  116  |  0.015  |  0.300  | -674.1637789557928 |
|  117  |  0.020  |  0.300  | -664.864315807589  |
|  118  |  0.025  |  0.300  | -677.6984553853947 |
|  119  |  0.030  |  0.300  | -698.9729026358611 |
|  120  |  0.035  |  0.350  | -682.7808271565237 |
|  121  |  0.040  |  0.350  | -710.4717771190216 |
|  122  |  0.045  |  0.350  | -695.5672158396006 |
|  123  |  0.050  |  0.350  | -681.588571953741  |
|  124  |  0.055  |  0.350  | -698.7833750752595 |
|  125  |  0.060  |  0.350  | -679.5253296301221 |
|  126  |  0.065  |  0.350  | -680.7347197211502 |
|  127  |  0.070  |  0.350  | -700.0039383744638 |
|  128  |  0.075  |  0.350  | -676.4338910115772 |
|  129  |  0.080  |  0.350  | -690.3947408583886 |
|  130  |  0.085  |  0.350  | -693.7583860707899 |
|  131  |  0.090  |  0.350  | -691.2626751781579 |
|  132  |  0.095  |  0.350  | -697.3873759057702 |
|  133  |  0.100  |  0.350  | -699.1635439209291 |
|  134  |  0.010  |  0.350  | -679.5670029792142 |
|  135  |  0.015  |  0.350  | -696.1440366446157 |
|  136  |  0.020  |  0.350  | -691.0001882072797 |
|  137  |  0.025  |  0.350  | -684.4986530057362 |
|  138  |  0.030  |  0.350  | -692.805081664572  |
|  139  |  0.035  |  0.350  | -679.4328438398536 |
|  140  |  0.040  |  0.400  |  -698.77979003726  |
|  141  |  0.045  |  0.400  | -686.3905610137762 |
|  142  |  0.050  |  0.400  | -691.0515554351812 |
|  143  |  0.055  |  0.400  | -713.9546718627271 |
|  144  |  0.060  |  0.400  | -685.4409953490228 |
|  145  |  0.065  |  0.400  | -705.0099765203286 |
|  146  |  0.070  |  0.400  | -687.1260612398439 |
|  147  |  0.075  |  0.400  | -681.851894532392  |
|  148  |  0.080  |  0.400  | -709.7214270290334 |
|  149  |  0.085  |  0.400  | -678.0499954872595 |
|  150  |  0.090  |  0.400  | -689.430864499811  |
|  151  |  0.095  |  0.400  | -708.2999162185052 |
|  152  |  0.100  |  0.400  | -680.6795090958235 |
|  153  |  0.010  |  0.400  | -666.4034322218528 |
|  154  |  0.015  |  0.400  | -671.1397991063895 |
|  155  |  0.020  |  0.400  | -703.7495706017468 |
|  156  |  0.025  |  0.400  | -681.8741336804546 |
|  157  |  0.030  |  0.400  | -693.2929265727734 |
|  158  |  0.035  |  0.400  | -674.2135596142464 |
|  159  |  0.040  |  0.400  | -690.5614797988806 |
|  160  |  0.045  |  0.450  | -680.5285414765509 |
|  161  |  0.050  |  0.450  | -690.3088723827393 |
|  162  |  0.055  |  0.450  | -703.2634574665103 |
|  163  |  0.060  |  0.450  | -703.1002036034591 |
|  164  |  0.065  |  0.450  | -691.4408395005756 |
|  165  |  0.070  |  0.450  | -697.527574725331  |
|  166  |  0.075  |  0.450  | -662.6843361610314 |
|  167  |  0.080  |  0.450  | -700.2615774948772 |
|  168  |  0.085  |  0.450  | -689.2382537033583 |
|  169  |  0.090  |  0.450  | -700.3051476765335 |
|  170  |  0.095  |  0.450  | -704.6952552465414 |
|  171  |  0.100  |  0.450  | -691.2656756548716 |
|  172  |  0.010  |  0.450  | -670.2786415395241 |
|  173  |  0.015  |  0.450  | -672.6745074285853 |
|  174  |  0.020  |  0.450  | -688.3579023710492 |
|  175  |  0.025  |  0.450  | -703.2898001632752 |
|  176  |  0.030  |  0.450  | -699.5065616909585 |
|  177  |  0.035  |  0.450  | -703.1819160128231 |
|  178  |  0.040  |  0.450  | -691.639283682199  |
|  179  |  0.045  |  0.450  | -693.3120220640047 |
|  180  |  0.050  |  0.500  | -708.5666559024083 |
|  181  |  0.055  |  0.500  | -684.1349798752472 |
|  182  |  0.060  |  0.500  | -697.2170865535275 |
|  183  |  0.065  |  0.500  | -699.1618818474863 |
|  184  |  0.070  |  0.500  | -670.2774696031684 |
|  185  |  0.075  |  0.500  | -689.2681994352798 |
|  186  |  0.080  |  0.500  | -671.8525364696802 |
|  187  |  0.085  |  0.500  | -693.6730626794921 |
|  188  |  0.090  |  0.500  | -678.2625097701424 |
|  189  |  0.095  |  0.500  | -671.0847274766858 |
|  190  |  0.100  |  0.500  | -680.1539327705285 |
|  191  |  0.010  |  0.500  | -680.8622170544415 |
|  192  |  0.015  |  0.500  | -665.8180346121823 |
|  193  |  0.020  |  0.500  | -678.8051802400698 |
|  194  |  0.025  |  0.500  | -698.2984918869514 |
|  195  |  0.030  |  0.500  | -679.3374331326247 |
|  196  |  0.035  |  0.500  | -682.5820680497724 |
|  197  |  0.040  |  0.500  | -705.5795569820916 |
|  198  |  0.045  |  0.500  | -670.1411504599458 |
|  199  |  0.050  |  0.500  | -674.7446823056963 |
|  200  |  0.055  |  0.550  | -689.3535420359811 |
|  201  |  0.060  |  0.550  | -699.7964917309241 |
|  202  |  0.065  |  0.550  | -680.168098793756  |
|  203  |  0.070  |  0.550  | -680.4859196357769 |
|  204  |  0.075  |  0.550  | -666.3213639690081 |
|  205  |  0.080  |  0.550  | -675.6769753760658 |
|  206  |  0.085  |  0.550  | -672.4083914362435 |
|  207  |  0.090  |  0.550  | -691.5039920404282 |
|  208  |  0.095  |  0.550  | -667.4084710257675 |
|  209  |  0.100  |  0.550  | -688.5845647952125 |
|  210  |  0.010  |  0.550  | -693.9199558379464 |
|  211  |  0.015  |  0.550  | -683.9149075706201 |
|  212  |  0.020  |  0.550  | -689.5110683401499 |
|  213  |  0.025  |  0.550  | -684.6393122906494 |
|  214  |  0.030  |  0.550  | -673.0483097038483 |
|  215  |  0.035  |  0.550  | -706.2006599365836 |
|  216  |  0.040  |  0.550  | -680.8286727564495 |
|  217  |  0.045  |  0.550  | -687.3793211924268 |
|  218  |  0.050  |  0.550  | -689.5162108681562 |
|  219  |  0.055  |  0.550  | -698.9715575416891 |
|  220  |  0.060  |  0.600  |  -686.67200122595  |
|  221  |  0.065  |  0.600  | -704.4026607736619 |
|  222  |  0.070  |  0.600  | -692.0911322576707 |
|  223  |  0.075  |  0.600  | -692.3847762066918 |
|  224  |  0.080  |  0.600  | -680.0261435745998 |
|  225  |  0.085  |  0.600  | -673.8686107711612 |
|  226  |  0.090  |  0.600  | -666.9843639607574 |
|  227  |  0.095  |  0.600  | -662.2448492067708 |
|  228  |  0.100  |  0.600  | -674.3503848422653 |
|  229  |  0.010  |  0.600  | -651.2592080287321 |
|  230  |  0.015  |  0.600  | -694.2687528176967 |
|  231  |  0.020  |  0.600  | -669.5575846745357 |
|  232  |  0.025  |  0.600  | -672.4206204764954 |
|  233  |  0.030  |  0.600  | -685.7377648451651 |
|  234  |  0.035  |  0.600  | -675.8307667220055 |
|  235  |  0.040  |  0.600  | -710.2519447194163 |
|  236  |  0.045  |  0.600  | -689.5929780876371 |
|  237  |  0.050  |  0.600  | -713.6063307184351 |
|  238  |  0.055  |  0.600  | -694.6718153819165 |
|  239  |  0.060  |  0.600  | -697.0678898991047 |
|  240  |  0.065  |  0.650  | -688.4573645245991 |
|  241  |  0.070  |  0.650  | -673.8794949802424 |
|  242  |  0.075  |  0.650  | -667.1940994898571 |
|  243  |  0.080  |  0.650  | -691.1832851868406 |
|  244  |  0.085  |  0.650  | -685.8634685146037 |
|  245  |  0.090  |  0.650  | -678.4238837913186 |
|  246  |  0.095  |  0.650  | -692.3203764417374 |
|  247  |  0.100  |  0.650  | -681.3015434203069 |
|  248  |  0.010  |  0.650  | -704.0373359417429 |
|  249  |  0.015  |  0.650  | -699.2410308009098 |
|  250  |  0.020  |  0.650  | -679.2888691588943 |
|  251  |  0.025  |  0.650  | -675.1529565548856 |
|  252  |  0.030  |  0.650  | -668.3722337108508 |
|  253  |  0.035  |  0.650  | -686.6906726629044 |
|  254  |  0.040  |  0.650  | -702.1561126365355 |
|  255  |  0.045  |  0.650  | -674.5097655321518 |
|  256  |  0.050  |  0.650  | -675.4138568735796 |
|  257  |  0.055  |  0.650  | -678.0449398551211 |
|  258  |  0.060  |  0.650  | -707.5571396669447 |
|  259  |  0.065  |  0.650  | -658.4277562622033 |
|  260  |  0.070  |  0.700  | -675.892641698768  |
|  261  |  0.075  |  0.700  | -660.5579711966124 |
|  262  |  0.080  |  0.700  | -690.7405854712983 |
|  263  |  0.085  |  0.700  | -672.196256311883  |
|  264  |  0.090  |  0.700  | -684.8259629888956 |
|  265  |  0.095  |  0.700  | -676.0632759598482 |
|  266  |  0.100  |  0.700  | -665.7543309236165 |
|  267  |  0.010  |  0.700  | -673.2098873141776 |
|  268  |  0.015  |  0.700  |  -678.98182396034  |
|  269  |  0.020  |  0.700  | -676.376457334023  |
|  270  |  0.025  |  0.700  | -666.6658005114436 |
|  271  |  0.030  |  0.700  | -697.0470911171982 |
|  272  |  0.035  |  0.700  | -663.2404558140058 |
|  273  |  0.040  |  0.700  | -694.1585578552279 |
|  274  |  0.045  |  0.700  | -694.5952450394468 |
|  275  |  0.050  |  0.700  | -686.8668192848113 |
|  276  |  0.055  |  0.700  | -693.4079098971348 |
|  277  |  0.060  |  0.700  | -661.7122233248664 |
|  278  |  0.065  |  0.700  | -675.6382807757326 |
|  279  |  0.070  |  0.700  | -678.3468178353997 |
|  280  |  0.075  |  0.750  | -657.8069192288714 |
|  281  |  0.080  |  0.750  | -675.7952821763755 |
|  282  |  0.085  |  0.750  | -669.5946239258357 |
|  283  |  0.090  |  0.750  | -678.844754367927  |
|  284  |  0.095  |  0.750  | -694.3619367838287 |
|  285  |  0.100  |  0.750  | -691.8018537983115 |
|  286  |  0.010  |  0.750  | -661.698775624411  |
|  287  |  0.015  |  0.750  | -676.0787215731475 |
|  288  |  0.020  |  0.750  | -661.4875609673863 |
|  289  |  0.025  |  0.750  | -680.8386036384842 |
|  290  |  0.030  |  0.750  | -702.2823283304253 |
|  291  |  0.035  |  0.750  | -698.5833026521341 |
|  292  |  0.040  |  0.750  | -684.9836514023552 |
|  293  |  0.045  |  0.750  | -674.6002171771552 |
|  294  |  0.050  |  0.750  | -678.2863355649723 |
|  295  |  0.055  |  0.750  | -705.7731706780025 |
|  296  |  0.060  |  0.750  | -686.8719980386134 |
|  297  |  0.065  |  0.750  | -664.154719123932  |
|  298  |  0.070  |  0.750  | -671.9094647038075 |
|  299  |  0.075  |  0.750  | -659.2240224175288 |
|  300  |  0.080  |  0.800  | -648.0614957967035 |
|  301  |  0.085  |  0.800  | -673.7324828116792 |
|  302  |  0.090  |  0.800  | -663.2692102579598 |
|  303  |  0.095  |  0.800  | -686.1131176840278 |
|  304  |  0.100  |  0.800  | -656.8536868981279 |
|  305  |  0.010  |  0.800  | -695.0256004846062 |
|  306  |  0.015  |  0.800  | -683.7215073434708 |
|  307  |  0.020  |  0.800  | -691.6086133457345 |
|  308  |  0.025  |  0.800  | -674.6424646211698 |
|  309  |  0.030  |  0.800  | -678.7013520605341 |
|  310  |  0.035  |  0.800  | -699.5487398070551 |
|  311  |  0.040  |  0.800  | -678.8899480521927 |
|  312  |  0.045  |  0.800  | -694.6192810734481 |
|  313  |  0.050  |  0.800  |  -666.8780406568   |
|  314  |  0.055  |  0.800  | -702.0300630496353 |
|  315  |  0.060  |  0.800  | -678.6830731685588 |
|  316  |  0.065  |  0.800  | -663.4726548946151 |
|  317  |  0.070  |  0.800  | -662.2925985511371 |
|  318  |  0.075  |  0.800  | -680.578885622525  |
|  319  |  0.080  |  0.800  | -666.2056167782678 |
|  320  |  0.085  |  0.850  | -671.0709305507812 |
|  321  |  0.090  |  0.850  | -674.0850039717166 |
|  322  |  0.095  |  0.850  | -655.7254692476159 |
|  323  |  0.100  |  0.850  | -662.304439146931  |
|  324  |  0.010  |  0.850  | -683.7805072050722 |
|  325  |  0.015  |  0.850  | -677.0424599583091 |
|  326  |  0.020  |  0.850  | -686.2068950408062 |
|  327  |  0.025  |  0.850  | -680.3734803628253 |
|  328  |  0.030  |  0.850  | -681.5321317085074 |
|  329  |  0.035  |  0.850  | -681.1929712400531 |
|  330  |  0.040  |  0.850  | -693.990033997034  |
|  331  |  0.045  |  0.850  | -690.4452187581883 |
|  332  |  0.050  |  0.850  | -676.8601183740661 |
|  333  |  0.055  |  0.850  | -673.456539408647  |
|  334  |  0.060  |  0.850  | -691.4362157825426 |
|  335  |  0.065  |  0.850  | -680.7862272634077 |
|  336  |  0.070  |  0.850  | -680.0280525455713 |
|  337  |  0.075  |  0.850  | -652.3238939933509 |
|  338  |  0.080  |  0.850  | -651.9114454383206 |
|  339  |  0.085  |  0.850  | -659.7470699987439 |
|  340  |  0.090  |  0.900  | -667.0679302681345 |
|  341  |  0.095  |  0.900  | -683.699598852665  |
|  342  |  0.100  |  0.900  | -644.2949659950606 |
|  343  |  0.010  |  0.900  | -670.5153805313682 |
|  344  |  0.015  |  0.900  | -693.8699824209416 |
|  345  |  0.020  |  0.900  | -679.1470861668982 |
|  346  |  0.025  |  0.900  | -698.6534304814172 |
|  347  |  0.030  |  0.900  | -682.4877297517656 |
|  348  |  0.035  |  0.900  |  -671.36658729329  |
|  349  |  0.040  |  0.900  | -681.4695667601057 |
|  350  |  0.045  |  0.900  | -693.8577835367446 |
|  351  |  0.050  |  0.900  | -681.0639425320591 |
|  352  |  0.055  |  0.900  | -675.5195374246093 |
|  353  |  0.060  |  0.900  | -677.7589182288998 |
|  354  |  0.065  |  0.900  | -660.1383825115204 |
|  355  |  0.070  |  0.900  | -668.8417918995697 |
|  356  |  0.075  |  0.900  | -684.9063636556212 |
|  357  |  0.080  |  0.900  | -660.2124163061114 |
|  358  |  0.085  |  0.900  | -662.1447756369693 |
|  359  |  0.090  |  0.900  | -652.1717801038751 |
|  360  |  0.095  |  0.950  | -648.2923322156292 |
|  361  |  0.100  |  0.950  | -651.8995509795875 |
|  362  |  0.010  |  0.950  | -684.4940840653679 |
|  363  |  0.015  |  0.950  | -695.4081815369328 |
|  364  |  0.020  |  0.950  | -655.9321692090464 |
|  365  |  0.025  |  0.950  | -681.7545249142064 |
|  366  |  0.030  |  0.950  | -667.8470240368845 |
|  367  |  0.035  |  0.950  | -669.4615950563958 |
|  368  |  0.040  |  0.950  | -693.480643410836  |
|  369  |  0.045  |  0.950  | -680.838827855263  |
|  370  |  0.050  |  0.950  | -656.6833629713739 |
|  371  |  0.055  |  0.950  | -682.8817297822761 |
|  372  |  0.060  |  0.950  | -692.182715353575  |
|  373  |  0.065  |  0.950  | -672.2310733062295 |
|  374  |  0.070  |  0.950  | -681.8906963830806 |
|  375  |  0.075  |  0.950  | -666.7647567307134 |
|  376  |  0.080  |  0.950  | -647.5683384333089 |
|  377  |  0.085  |  0.950  | -661.7564282372933 |
|  378  |  0.090  |  0.950  | -638.3651338567142 |
|  379  |  0.095  |  0.950  | -662.1930266087692 |
|  380  |  0.100  |  1.000  | -635.8707089400971 |
|  381  |  0.010  |  1.000  | -679.4643123076063 |
|  382  |  0.015  |  1.000  | -673.4116309530762 |
|  383  |  0.020  |  1.000  | -649.3401691012588 |
|  384  |  0.025  |  1.000  | -674.6339968727125 |
|  385  |  0.030  |  1.000  | -696.5962111027028 |
|  386  |  0.035  |  1.000  | -683.0476750638055 |
|  387  |  0.040  |  1.000  | -677.7198129793878 |
|  388  |  0.045  |  1.000  | -666.9992287213256 |
|  389  |  0.050  |  1.000  | -661.0128088644345 |
|  390  |  0.055  |  1.000  | -676.0719278425703 |
|  391  |  0.060  |  1.000  | -659.0111659153305 |
|  392  |  0.065  |  1.000  | -660.1471721535528 |
|  393  |  0.070  |  1.000  | -661.691913498433  |
|  394  |  0.075  |  1.000  | -667.3112204964896 |
|  395  |  0.080  |  1.000  | -640.3887531541994 |
|  396  |  0.085  |  1.000  | -664.9931755171698 |
|  397  |  0.090  |  1.000  | -648.8447611859165 |
|  398  |  0.095  |  1.000  | -662.4276180397376 |
|  399  |  0.100  |  1.000  | -623.9309890546568 |
|  400  |  0.010  |  1.050  | -686.5919496105247 |
|  401  |  0.015  |  1.050  | -676.9230904692124 |
|  402  |  0.020  |  1.050  | -679.2844372540224 |
|  403  |  0.025  |  1.050  | -666.2361447092414 |
|  404  |  0.030  |  1.050  | -664.0383171931471 |
|  405  |  0.035  |  1.050  | -682.1853889761223 |
|  406  |  0.040  |  1.050  | -678.3518064291495 |
|  407  |  0.045  |  1.050  | -671.5197616202953 |
|  408  |  0.050  |  1.050  | -652.8205008739766 |
|  409  |  0.055  |  1.050  | -655.8441712812017 |
|  410  |  0.060  |  1.050  | -664.792762952057  |
|  411  |  0.065  |  1.050  | -656.3984795630378 |
|  412  |  0.070  |  1.050  | -663.6041849416955 |
|  413  |  0.075  |  1.050  | -637.0859934633093 |
|  414  |  0.080  |  1.050  | -645.4529196791477 |
|  415  |  0.085  |  1.050  | -643.8599364563785 |
|  416  |  0.090  |  1.050  | -650.9174638490624 |
|  417  |  0.095  |  1.050  | -615.3924933498289 |
|  418  |  0.100  |  1.050  | -661.6104129272811 |
|  419  |  0.010  |  1.050  | -653.9429378549399 |
|  420  |  0.015  |  1.100  | -669.6544065628159 |
|  421  |  0.020  |  1.100  | -677.2578435050125 |
|  422  |  0.025  |  1.100  | -673.0688297469956 |
|  423  |  0.030  |  1.100  | -651.6634393382533 |
|  424  |  0.035  |  1.100  | -662.1707399235867 |
|  425  |  0.040  |  1.100  | -670.1025423157467 |
|  426  |  0.045  |  1.100  | -682.4127957213421 |
|  427  |  0.050  |  1.100  | -658.2093675592205 |
|  428  |  0.055  |  1.100  | -652.4239692992282 |
|  429  |  0.060  |  1.100  | -669.8232211711442 |
|  430  |  0.065  |  1.100  | -650.964958131527  |
|  431  |  0.070  |  1.100  | -659.8211317997632 |
|  432  |  0.075  |  1.100  | -653.3965384323837 |
|  433  |  0.080  |  1.100  | -644.5107722739223 |
|  434  |  0.085  |  1.100  | -639.8337719972292 |
|  435  |  0.090  |  1.100  | -644.5570116531583 |
|  436  |  0.095  |  1.100  | -627.0778493045376 |
|  437  |  0.100  |  1.100  | -635.3598479097765 |
|  438  |  0.010  |  1.100  | -679.6693582698614 |
|  439  |  0.015  |  1.100  | -656.5804949347228 |
|  440  |  0.020  |  1.150  | -671.4659044671091 |
|  441  |  0.025  |  1.150  | -685.5473737127841 |
|  442  |  0.030  |  1.150  | -660.1837403602419 |
|  443  |  0.035  |  1.150  | -665.5128582566861 |
|  444  |  0.040  |  1.150  | -680.1006457680387 |
|  445  |  0.045  |  1.150  | -686.8992397283539 |
|  446  |  0.050  |  1.150  | -687.9092947637114 |
|  447  |  0.055  |  1.150  | -657.3223593303035 |
|  448  |  0.060  |  1.150  | -675.7018231146125 |
|  449  |  0.065  |  1.150  | -650.8466091352694 |
|  450  |  0.070  |  1.150  | -662.8187885155677 |
|  451  |  0.075  |  1.150  | -642.4604164840375 |
|  452  |  0.080  |  1.150  | -652.1630835626734 |
|  453  |  0.085  |  1.150  | -645.0023376246171 |
|  454  |  0.090  |  1.150  | -660.6270492697389 |
|  455  |  0.095  |  1.150  | -617.9176728214107 |
|  456  |  0.100  |  1.150  | -633.2602541850235 |
|  457  |  0.010  |  1.150  | -666.7688410080957 |
|  458  |  0.015  |  1.150  | -655.254667325317  |
|  459  |  0.020  |  1.150  | -659.5740081129152 |
|  460  |  0.025  |  1.200  | -665.8377659399888 |
|  461  |  0.030  |  1.200  | -662.3313646517706 |
|  462  |  0.035  |  1.200  | -670.9642094707311 |
|  463  |  0.040  |  1.200  | -643.8681228566146 |
|  464  |  0.045  |  1.200  | -674.2532539672236 |
|  465  |  0.050  |  1.200  | -671.6042505529178 |
|  466  |  0.055  |  1.200  | -662.0336598660417 |
|  467  |  0.060  |  1.200  | -631.5503136965755 |
|  468  |  0.065  |  1.200  | -676.4474993557079 |
|  469  |  0.070  |  1.200  | -663.3895224012308 |
|  470  |  0.075  |  1.200  | -638.3293946612943 |
|  471  |  0.080  |  1.200  | -622.3028916781458 |
|  472  |  0.085  |  1.200  | -644.6413658176244 |
|  473  |  0.090  |  1.200  | -625.8298624726355 |
|  474  |  0.095  |  1.200  | -640.3011071177776 |
|  475  |  0.100  |  1.200  | -634.3768833124703 |
|  476  |  0.010  |  1.200  | -669.1418750469398 |
|  477  |  0.015  |  1.200  | -655.7829166709139 |
|  478  |  0.020  |  1.200  | -645.030563944357  |
|  479  |  0.025  |  1.200  | -651.3804624545801 |
|  480  |  0.030  |  1.250  | -657.9877066252507 |
|  481  |  0.035  |  1.250  | -657.0683585287601 |
|  482  |  0.040  |  1.250  | -679.7899874587453 |
|  483  |  0.045  |  1.250  | -648.8537337991718 |
|  484  |  0.050  |  1.250  | -672.6466969454603 |
|  485  |  0.055  |  1.250  | -657.4727595112103 |
|  486  |  0.060  |  1.250  | -656.3903868123797 |
|  487  |  0.065  |  1.250  | -664.3097488397852 |
|  488  |  0.070  |  1.250  | -640.3965191736656 |
|  489  |  0.075  |  1.250  | -632.8408828452967 |
|  490  |  0.080  |  1.250  | -647.666296679344  |
|  491  |  0.085  |  1.250  | -625.5317172947236 |
|  492  |  0.090  |  1.250  | -618.2135256660656 |
|  493  |  0.095  |  1.250  | -641.7823334804027 |
|  494  |  0.100  |  1.250  | -621.1438479421668 |
|  495  |  0.010  |  1.250  | -658.4380948860255 |
|  496  |  0.015  |  1.250  | -647.5455746824791 |
|  497  |  0.020  |  1.250  | -671.9875326047555 |
|  498  |  0.025  |  1.250  | -650.7780516355579 |
|  499  |  0.030  |  1.250  | -644.1124853815508 |
|  500  |  0.035  |  1.300  | -672.6858515884907 |
|  501  |  0.040  |  1.300  | -655.2554213512188 |
|  502  |  0.045  |  1.300  | -664.5613951432829 |
|  503  |  0.050  |  1.300  | -654.4888663949196 |
|  504  |  0.055  |  1.300  |   -637.124978732   |
|  505  |  0.060  |  1.300  | -661.8464330110795 |
|  506  |  0.065  |  1.300  | -637.619037704174  |
|  507  |  0.070  |  1.300  | -641.9924541625574 |
|  508  |  0.075  |  1.300  | -643.3250075813894 |
|  509  |  0.080  |  1.300  | -626.3622372506653 |
|  510  |  0.085  |  1.300  | -650.7619433786341 |
|  511  |  0.090  |  1.300  | -637.4315215903905 |
|  512  |  0.095  |  1.300  | -611.4905992228298 |
|  513  |  0.100  |  1.300  | -612.528199509512  |
|  514  |  0.010  |  1.300  | -649.2849563510551 |
|  515  |  0.015  |  1.300  | -666.3747961205164 |
|  516  |  0.020  |  1.300  | -657.6591556901815 |
|  517  |  0.025  |  1.300  | -653.3442355680759 |
|  518  |  0.030  |  1.300  | -653.2504819142299 |
|  519  |  0.035  |  1.300  | -662.7408624327941 |
|  520  |  0.040  |  1.350  | -655.1724482321874 |
|  521  |  0.045  |  1.350  | -687.954554068985  |
|  522  |  0.050  |  1.350  | -644.9210921260625 |
|  523  |  0.055  |  1.350  | -645.6211023011914 |
|  524  |  0.060  |  1.350  | -634.767389241768  |
|  525  |  0.065  |  1.350  | -662.893762242658  |
|  526  |  0.070  |  1.350  | -640.5280328094353 |
|  527  |  0.075  |  1.350  | -635.0860037083311 |
|  528  |  0.080  |  1.350  | -632.747297194973  |
|  529  |  0.085  |  1.350  | -630.1988498827919 |
|  530  |  0.090  |  1.350  | -634.042634607463  |
|  531  |  0.095  |  1.350  | -621.5888499602046 |
|  532  |  0.100  |  1.350  | -605.9161963177844 |
|  533  |  0.010  |  1.350  | -637.5268099699189 |
|  534  |  0.015  |  1.350  | -657.5546238295852 |
|  535  |  0.020  |  1.350  | -658.7490224494798 |
|  536  |  0.025  |  1.350  | -651.0421434917375 |
|  537  |  0.030  |  1.350  | -664.2834691369667 |
|  538  |  0.035  |  1.350  | -652.8075064413412 |
|  539  |  0.040  |  1.350  | -643.1651183565385 |
|  540  |  0.045  |  1.400  | -687.016070039679  |
|  541  |  0.050  |  1.400  | -636.1071165499247 |
|  542  |  0.055  |  1.400  | -643.4259452229054 |
|  543  |  0.060  |  1.400  | -643.198561398339  |
|  544  |  0.065  |  1.400  | -650.1756267931522 |
|  545  |  0.070  |  1.400  | -619.0016506107293 |
|  546  |  0.075  |  1.400  | -616.7584187640958 |
|  547  |  0.080  |  1.400  | -630.2966611584363 |
|  548  |  0.085  |  1.400  |  -618.58444628525  |
|  549  |  0.090  |  1.400  | -626.1408695147055 |
|  550  |  0.095  |  1.400  | -607.1521933112325 |
|  551  |  0.100  |  1.400  | -588.1392808455836 |
|  552  |  0.010  |  1.400  | -651.2521689673413 |
|  553  |  0.015  |  1.400  | -647.4654596000508 |
|  554  |  0.020  |  1.400  | -649.1783668140191 |
|  555  |  0.025  |  1.400  | -652.1893977903322 |
|  556  |  0.030  |  1.400  | -637.2424758156075 |
|  557  |  0.035  |  1.400  | -657.6078066534909 |
|  558  |  0.040  |  1.400  | -684.578851166521  |
|  559  |  0.045  |  1.400  | -637.4394097364661 |
|  560  |  0.050  |  1.450  | -645.2650016428771 |
|  561  |  0.055  |  1.450  | -642.8801801347378 |
|  562  |  0.060  |  1.450  | -630.3522509975031 |
|  563  |  0.065  |  1.450  | -635.6501775690562 |
|  564  |  0.070  |  1.450  | -629.2337670773059 |
|  565  |  0.075  |  1.450  | -646.5272595679987 |
|  566  |  0.080  |  1.450  | -636.3360701208214 |
|  567  |  0.085  |  1.450  | -602.893048533318  |
|  568  |  0.090  |  1.450  | -618.5228540974065 |
|  569  |  0.095  |  1.450  | -631.7754482679946 |
|  570  |  0.100  |  1.450  | -621.6459885710905 |
|  571  |  0.010  |  1.450  | -652.8779689534949 |
|  572  |  0.015  |  1.450  | -645.3746616266468 |
|  573  |  0.020  |  1.450  | -660.0201342319452 |
|  574  |  0.025  |  1.450  | -633.771706215165  |
|  575  |  0.030  |  1.450  | -642.1669369952369 |
|  576  |  0.035  |  1.450  | -667.8811528310446 |
|  577  |  0.040  |  1.450  | -649.2679368088967 |
|  578  |  0.045  |  1.450  | -635.8035309919889 |
|  579  |  0.050  |  1.450  | -633.0337918991528 |
|  580  |  0.055  |  1.500  | -645.0369765111559 |
|  581  |  0.060  |  1.500  | -636.6237940758024 |
|  582  |  0.065  |  1.500  | -643.8749859574251 |
|  583  |  0.070  |  1.500  | -636.6321676003173 |
|  584  |  0.075  |  1.500  | -627.1386092019883 |
|  585  |  0.080  |  1.500  | -602.1938447091824 |
|  586  |  0.085  |  1.500  | -602.1991348656013 |
|  587  |  0.090  |  1.500  | -607.9600242998881 |
|  588  |  0.095  |  1.500  | -591.2672019132051 |
|  589  |  0.100  |  1.500  | -598.304204079087  |
|  590  |  0.010  |  1.500  | -659.6103003178645 |
|  591  |  0.015  |  1.500  | -636.2739398180622 |
|  592  |  0.020  |  1.500  | -623.8596614595016 |
|  593  |  0.025  |  1.500  | -653.1769344114704 |
|  594  |  0.030  |  1.500  | -656.3497301334669 |
|  595  |  0.035  |  1.500  | -658.9284564839928 |
|  596  |  0.040  |  1.500  | -654.0661331203104 |
|  597  |  0.045  |  1.500  | -657.1412078622416 |
|  598  |  0.050  |  1.500  | -652.7802938232172 |
|  599  |  0.055  |  1.500  | -628.512003847153  |
|  600  |  0.060  |  1.550  | -629.5649940754588 |
|  601  |  0.065  |  1.550  | -624.7981290043766 |
|  602  |  0.070  |  1.550  | -620.3207729257795 |
|  603  |  0.075  |  1.550  | -606.2940431511264 |
|  604  |  0.080  |  1.550  | -614.5561064305616 |
|  605  |  0.085  |  1.550  | -610.2412270014518 |
|  606  |  0.090  |  1.550  | -645.8703566328835 |
|  607  |  0.095  |  1.550  | -583.6725815650369 |
|  608  |  0.100  |  1.550  |  -610.96572310459  |
|  609  |  0.010  |  1.550  | -622.349510727961  |
|  610  |  0.015  |  1.550  | -655.5023004672881 |
|  611  |  0.020  |  1.550  | -626.8796630298523 |
|  612  |  0.025  |  1.550  | -629.9874394557069 |
|  613  |  0.030  |  1.550  | -658.0116396207685 |
|  614  |  0.035  |  1.550  | -643.0231423445935 |
|  615  |  0.040  |  1.550  | -651.2824232763957 |
|  616  |  0.045  |  1.550  | -661.3507400268222 |
|  617  |  0.050  |  1.550  | -641.6315445784484 |
|  618  |  0.055  |  1.550  | -641.6429216627002 |
|  619  |  0.060  |  1.550  | -628.2624157250374 |
|  620  |  0.065  |  1.600  | -633.8350422573988 |
|  621  |  0.070  |  1.600  | -623.0094104893296 |
|  622  |  0.075  |  1.600  | -613.3144697937839 |
|  623  |  0.080  |  1.600  | -632.8569215590303 |
|  624  |  0.085  |  1.600  | -607.9724249669257 |
|  625  |  0.090  |  1.600  | -602.0428963057122 |
|  626  |  0.095  |  1.600  | -593.8766486676816 |
|  627  |  0.100  |  1.600  | -576.2154334228377 |
|  628  |  0.010  |  1.600  | -633.4308035949219 |
|  629  |  0.015  |  1.600  | -643.8995451115774 |
|  630  |  0.020  |  1.600  | -643.6786167873712 |
|  631  |  0.025  |  1.600  | -657.7433737237778 |
|  632  |  0.030  |  1.600  | -648.159130130989  |
|  633  |  0.035  |  1.600  | -659.6348665790381 |
|  634  |  0.040  |  1.600  | -648.6922195914229 |
|  635  |  0.045  |  1.600  | -640.8859501806523 |
|  636  |  0.050  |  1.600  | -654.2201800979892 |
|  637  |  0.055  |  1.600  | -621.8324523541231 |
|  638  |  0.060  |  1.600  | -605.674184860397  |
|  639  |  0.065  |  1.600  | -639.2104032105132 |
|  640  |  0.070  |  1.650  | -629.0352243544377 |
|  641  |  0.075  |  1.650  | -605.6650413120932 |
|  642  |  0.080  |  1.650  | -590.0555335455188 |
|  643  |  0.085  |  1.650  | -590.0477089174774 |
|  644  |  0.090  |  1.650  | -610.8766299046637 |
|  645  |  0.095  |  1.650  | -593.3363562875044 |
|  646  |  0.100  |  1.650  | -581.8735803922223 |
|  647  |  0.010  |  1.650  | -638.3248804695745 |
|  648  |  0.015  |  1.650  | -641.7863714348939 |
|  649  |  0.020  |  1.650  | -626.984774905039  |
|  650  |  0.025  |  1.650  | -636.5689963367084 |
|  651  |  0.030  |  1.650  | -654.321304817266  |
|  652  |  0.035  |  1.650  | -646.8381542426401 |
|  653  |  0.040  |  1.650  | -649.4371109440626 |
|  654  |  0.045  |  1.650  | -644.0252380337956 |
|  655  |  0.050  |  1.650  | -645.1789443555912 |
|  656  |  0.055  |  1.650  | -657.2753155195278 |
|  657  |  0.060  |  1.650  | -640.1467680231939 |
|  658  |  0.065  |  1.650  | -605.5794449432677 |
|  659  |  0.070  |  1.650  | -600.6830041813954 |
|  660  |  0.075  |  1.700  | -606.3957446657928 |
|  661  |  0.080  |  1.700  | -606.0011576615631 |
|  662  |  0.085  |  1.700  | -600.3262440827552 |
|  663  |  0.090  |  1.700  | -594.0399237048961 |
|  664  |  0.095  |  1.700  | -605.8534186932159 |
|  665  |  0.100  |  1.700  | -577.8054249098816 |
|  666  |  0.010  |  1.700  | -630.1090217985413 |
|  667  |  0.015  |  1.700  | -622.1617097786434 |
|  668  |  0.020  |  1.700  | -637.8383364449605 |
|  669  |  0.025  |  1.700  | -624.7250107167395 |
|  670  |  0.030  |  1.700  | -627.6110150114328 |
|  671  |  0.035  |  1.700  | -635.2756664766791 |
|  672  |  0.040  |  1.700  | -652.7529498249231 |
|  673  |  0.045  |  1.700  | -625.6004906631662 |
|  674  |  0.050  |  1.700  | -652.489047898623  |
|  675  |  0.055  |  1.700  | -636.655714855808  |
|  676  |  0.060  |  1.700  | -625.6044633106042 |
|  677  |  0.065  |  1.700  | -631.1598304860003 |
|  678  |  0.070  |  1.700  | -616.7264266691761 |
|  679  |  0.075  |  1.700  | -601.0355630387527 |
|  680  |  0.080  |  1.750  | -588.7741539108341 |
|  681  |  0.085  |  1.750  | -599.3825914081016 |
|  682  |  0.090  |  1.750  | -574.7258069452741 |
|  683  |  0.095  |  1.750  | -585.6632386498645 |
|  684  |  0.100  |  1.750  | -577.7744766762679 |
|  685  |  0.010  |  1.750  | -615.2958138851412 |
|  686  |  0.015  |  1.750  | -623.7517273354408 |
|  687  |  0.020  |  1.750  | -613.8876037687828 |
|  688  |  0.025  |  1.750  | -622.3344783805387 |
|  689  |  0.030  |  1.750  | -629.2212092218937 |
|  690  |  0.035  |  1.750  | -643.4597909675429 |
|  691  |  0.040  |  1.750  | -658.3809530345976 |
|  692  |  0.045  |  1.750  | -640.8360513165735 |
|  693  |  0.050  |  1.750  | -610.8024733915237 |
|  694  |  0.055  |  1.750  | -631.5339493585008 |
|  695  |  0.060  |  1.750  | -613.4934766492066 |
|  696  |  0.065  |  1.750  | -593.6363944657417 |
|  697  |  0.070  |  1.750  | -625.6725501806333 |
|  698  |  0.075  |  1.750  | -583.5346105264643 |
|  699  |  0.080  |  1.750  | -595.1520709845149 |
|  700  |  0.085  |  1.800  | -591.9959517942569 |
|  701  |  0.090  |  1.800  | -579.1318546142476 |
|  702  |  0.095  |  1.800  | -596.4489420103027 |
|  703  |  0.100  |  1.800  | -573.4004697559255 |
|  704  |  0.010  |  1.800  | -628.0233821859689 |
|  705  |  0.015  |  1.800  | -620.1868783441773 |
|  706  |  0.020  |  1.800  | -634.3287709459464 |
|  707  |  0.025  |  1.800  | -639.3702296888937 |
|  708  |  0.030  |  1.800  | -661.430714038184  |
|  709  |  0.035  |  1.800  | -650.4808299956105 |
|  710  |  0.040  |  1.800  | -656.2759863918179 |
|  711  |  0.045  |  1.800  | -624.7312784062744 |
|  712  |  0.050  |  1.800  | -606.9250716647663 |
|  713  |  0.055  |  1.800  | -615.4506780502171 |
|  714  |  0.060  |  1.800  | -619.4884984322288 |
|  715  |  0.065  |  1.800  | -588.2207320864717 |
|  716  |  0.070  |  1.800  | -611.8069796411431 |
|  717  |  0.075  |  1.800  | -606.6873170515239 |
|  718  |  0.080  |  1.800  | -613.3733571554194 |
|  719  |  0.085  |  1.800  | -590.7158837219868 |
|  720  |  0.090  |  1.850  | -586.1122069222416 |
|  721  |  0.095  |  1.850  | -565.371079195584  |
|  722  |  0.100  |  1.850  | -552.8876024790112 |
|  723  |  0.010  |  1.850  | -623.017150329483  |
|  724  |  0.015  |  1.850  | -624.8342274908568 |
|  725  |  0.020  |  1.850  | -635.4707663175615 |
|  726  |  0.025  |  1.850  | -648.4987068133573 |
|  727  |  0.030  |  1.850  | -650.1937083627698 |
|  728  |  0.035  |  1.850  | -629.8662267257304 |
|  729  |  0.040  |  1.850  | -625.3004355279654 |
|  730  |  0.045  |  1.850  | -627.4191550229765 |
|  731  |  0.050  |  1.850  | -628.8326018151618 |
|  732  |  0.055  |  1.850  | -623.1055029800161 |
|  733  |  0.060  |  1.850  | -624.1543400555746 |
|  734  |  0.065  |  1.850  | -610.9337163762408 |
|  735  |  0.070  |  1.850  | -618.592701371206  |
|  736  |  0.075  |  1.850  | -612.0484376339315 |
|  737  |  0.080  |  1.850  | -587.4626910336758 |
|  738  |  0.085  |  1.850  | -598.6351628081028 |
|  739  |  0.090  |  1.850  | -551.7070232296245 |
|  740  |  0.095  |  1.900  | -571.6526132037422 |
|  741  |  0.100  |  1.900  | -563.8348079829174 |
|  742  |  0.010  |  1.900  | -636.5479510083218 |
|  743  |  0.015  |  1.900  | -639.899286805711  |
|  744  |  0.020  |  1.900  | -638.1276877680998 |
|  745  |  0.025  |  1.900  | -632.2665717467447 |
|  746  |  0.030  |  1.900  | -639.1095577296829 |
|  747  |  0.035  |  1.900  | -634.5829810345865 |
|  748  |  0.040  |  1.900  | -642.2073148513309 |
|  749  |  0.045  |  1.900  | -636.2370435061475 |
|  750  |  0.050  |  1.900  | -631.6078566404061 |
|  751  |  0.055  |  1.900  | -618.3564466565443 |
|  752  |  0.060  |  1.900  | -595.1718202782625 |
|  753  |  0.065  |  1.900  |  -606.79716643588  |
|  754  |  0.070  |  1.900  | -603.9954465372032 |
|  755  |  0.075  |  1.900  | -601.9034595038343 |
|  756  |  0.080  |  1.900  | -598.8442841833657 |
|  757  |  0.085  |  1.900  | -578.4535623120858 |
|  758  |  0.090  |  1.900  | -581.3806303155903 |
|  759  |  0.095  |  1.900  | -572.4884979435593 |
|  760  |  0.100  |  1.950  | -556.4798761963175 |
|  761  |  0.010  |  1.950  | -640.7193588096764 |
|  762  |  0.015  |  1.950  | -613.4803918499973 |
|  763  |  0.020  |  1.950  | -649.2787725080293 |
|  764  |  0.025  |  1.950  | -647.0079021890886 |
|  765  |  0.030  |  1.950  | -652.3749816189834 |
|  766  |  0.035  |  1.950  | -620.1699915154436 |
|  767  |  0.040  |  1.950  | -631.1140663702125 |
|  768  |  0.045  |  1.950  | -621.6143643401577 |
|  769  |  0.050  |  1.950  | -613.113450681347  |
|  770  |  0.055  |  1.950  | -605.5789539152893 |
|  771  |  0.060  |  1.950  | -605.5530200171448 |
|  772  |  0.065  |  1.950  | -597.1788124485653 |
|  773  |  0.070  |  1.950  | -618.7474194932432 |
|  774  |  0.075  |  1.950  | -588.145986161031  |
|  775  |  0.080  |  1.950  | -598.8500127524002 |
|  776  |  0.085  |  1.950  | -557.3929772184515 |
|  777  |  0.090  |  1.950  | -567.8392831258316 |
|  778  |  0.095  |  1.950  | -575.3027379799115 |
|  779  |  0.100  |  1.950  | -572.9990216317937 |
|  780  |  0.010  |  2.000  | -613.1476620229212 |
|  781  |  0.015  |  2.000  | -601.6565604524404 |
|  782  |  0.020  |  2.000  | -624.0906861673418 |
|  783  |  0.025  |  2.000  | -633.3319631522847 |
|  784  |  0.030  |  2.000  | -638.7539050880664 |
|  785  |  0.035  |  2.000  | -624.7939799402188 |
|  786  |  0.040  |  2.000  | -635.6671268982484 |
|  787  |  0.045  |  2.000  | -624.2978594627057 |
|  788  |  0.050  |  2.000  | -639.7066872016325 |
|  789  |  0.055  |  2.000  | -612.0995532060725 |
|  790  |  0.060  |  2.000  | -613.2876799058088 |
|  791  |  0.065  |  2.000  | -594.6911818317928 |
|  792  |  0.070  |  2.000  | -582.4053158394368 |
|  793  |  0.075  |  2.000  | -609.8909485851166 |
|  794  |  0.080  |  2.000  | -580.2328431360849 |
|  795  |  0.085  |  2.000  | -566.684838232076  |
|  796  |  0.090  |  2.000  | -578.6857091531338 |
|  797  |  0.095  |  2.000  | -550.4704178982893 |
|  798  |  0.100  |  2.000  | -576.733710301592  |
|  799  |  0.010  |  2.000  | -620.9960068447443 |
+-------+---------+---------+--------------------+
Sorted table: 
+-------+---------+---------+--------------------+
| Index | Mutrate | Mutstep |    Best Fitness    |
+-------+---------+---------+--------------------+
|   0   |  0.065  |  0.300  | -722.5340145642595 |
|   1   |  0.060  |  0.250  | -721.2788957820223 |
|   2   |  0.055  |  0.400  | -713.9546718627271 |
|   3   |  0.050  |  0.600  | -713.6063307184351 |
|   4   |  0.075  |  0.300  | -712.3921998739859 |
|   5   |  0.065  |  0.250  | -712.3887680742803 |
|   6   |  0.040  |  0.350  | -710.4717771190216 |
|   7   |  0.040  |  0.600  | -710.2519447194163 |
|   8   |  0.080  |  0.400  | -709.7214270290334 |
|   9   |  0.100  |  0.200  | -709.1180382854611 |
|  10   |  0.050  |  0.500  | -708.5666559024083 |
|  11   |  0.050  |  0.300  | -708.4497432115155 |
|  12   |  0.095  |  0.400  | -708.2999162185052 |
|  13   |  0.075  |  0.250  | -707.709231011914  |
|  14   |  0.060  |  0.650  | -707.5571396669447 |
|  15   |  0.035  |  0.550  | -706.2006599365836 |
|  16   |  0.045  |  0.300  | -705.7928609096573 |
|  17   |  0.055  |  0.750  | -705.7731706780025 |
|  18   |  0.040  |  0.500  | -705.5795569820916 |
|  19   |  0.065  |  0.400  | -705.0099765203286 |
|  20   |  0.095  |  0.450  | -704.6952552465414 |
|  21   |  0.065  |  0.600  | -704.4026607736619 |
|  22   |  0.010  |  0.650  | -704.0373359417429 |
|  23   |  0.020  |  0.400  | -703.7495706017468 |
|  24   |  0.025  |  0.450  | -703.2898001632752 |
|  25   |  0.055  |  0.450  | -703.2634574665103 |
|  26   |  0.035  |  0.450  | -703.1819160128231 |
|  27   |  0.060  |  0.450  | -703.1002036034591 |
|  28   |  0.060  |  0.200  | -702.8321580712698 |
|  29   |  0.030  |  0.750  | -702.2823283304253 |
|  30   |  0.040  |  0.650  | -702.1561126365355 |
|  31   |  0.055  |  0.800  | -702.0300630496353 |
|  32   |  0.090  |  0.200  | -701.2441789091192 |
|  33   |  0.090  |  0.450  | -700.3051476765335 |
|  34   |  0.080  |  0.450  | -700.2615774948772 |
|  35   |  0.070  |  0.350  | -700.0039383744638 |
|  36   |  0.085  |  0.250  | -699.9451744195246 |
|  37   |  0.060  |  0.550  | -699.7964917309241 |
|  38   |  0.035  |  0.800  | -699.5487398070551 |
|  39   |  0.030  |  0.450  | -699.5065616909585 |
|  40   |  0.015  |  0.650  | -699.2410308009098 |
|  41   |  0.100  |  0.350  | -699.1635439209291 |
|  42   |  0.065  |  0.500  | -699.1618818474863 |
|  43   |  0.030  |  0.300  | -698.9729026358611 |
|  44   |  0.055  |  0.550  | -698.9715575416891 |
|  45   |  0.055  |  0.350  | -698.7833750752595 |
|  46   |  0.040  |  0.400  |  -698.77979003726  |
|  47   |  0.025  |  0.900  | -698.6534304814172 |
|  48   |  0.035  |  0.750  | -698.5833026521341 |
|  49   |  0.025  |  0.500  | -698.2984918869514 |
|  50   |  0.055  |  0.300  | -698.0246150119086 |
|  51   |  0.050  |  0.250  | -697.9616381741613 |
|  52   |  0.080  |  0.300  | -697.7764361717019 |
|  53   |  0.070  |  0.450  | -697.527574725331  |
|  54   |  0.095  |  0.350  | -697.3873759057702 |
|  55   |  0.075  |  0.200  | -697.2537650971703 |
|  56   |  0.060  |  0.500  | -697.2170865535275 |
|  57   |  0.060  |  0.600  | -697.0678898991047 |
|  58   |  0.030  |  0.700  | -697.0470911171982 |
|  59   |  0.030  |  1.000  | -696.5962111027028 |
|  60   |  0.015  |  0.350  | -696.1440366446157 |
|  61   |  0.045  |  0.350  | -695.5672158396006 |
|  62   |  0.090  |  0.250  | -695.4226727775974 |
|  63   |  0.015  |  0.950  | -695.4081815369328 |
|  64   |  0.010  |  0.800  | -695.0256004846062 |
|  65   |  0.055  |  0.600  | -694.6718153819165 |
|  66   |  0.045  |  0.800  | -694.6192810734481 |
|  67   |  0.045  |  0.700  | -694.5952450394468 |
|  68   |  0.095  |  0.750  | -694.3619367838287 |
|  69   |  0.015  |  0.600  | -694.2687528176967 |
|  70   |  0.040  |  0.700  | -694.1585578552279 |
|  71   |  0.040  |  0.850  | -693.990033997034  |
|  72   |  0.010  |  0.550  | -693.9199558379464 |
|  73   |  0.015  |  0.900  | -693.8699824209416 |
|  74   |  0.045  |  0.900  | -693.8577835367446 |
|  75   |  0.085  |  0.350  | -693.7583860707899 |
|  76   |  0.085  |  0.500  | -693.6730626794921 |
|  77   |  0.040  |  0.950  | -693.480643410836  |
|  78   |  0.055  |  0.700  | -693.4079098971348 |
|  79   |  0.045  |  0.450  | -693.3120220640047 |
|  80   |  0.030  |  0.400  | -693.2929265727734 |
|  81   |  0.030  |  0.350  | -692.805081664572  |
|  82   |  0.095  |  0.200  | -692.4381581726079 |
|  83   |  0.075  |  0.600  | -692.3847762066918 |
|  84   |  0.095  |  0.650  | -692.3203764417374 |
|  85   |  0.060  |  0.950  | -692.182715353575  |
|  86   |  0.070  |  0.600  | -692.0911322576707 |
|  87   |  0.100  |  0.750  | -691.8018537983115 |
|  88   |  0.070  |  0.200  | -691.6917010167208 |
|  89   |  0.040  |  0.450  | -691.639283682199  |
|  90   |  0.020  |  0.800  | -691.6086133457345 |
|  91   |  0.090  |  0.550  | -691.5039920404282 |
|  92   |  0.065  |  0.450  | -691.4408395005756 |
|  93   |  0.060  |  0.850  | -691.4362157825426 |
|  94   |  0.085  |  0.200  | -691.2772168770265 |
|  95   |  0.100  |  0.450  | -691.2656756548716 |
|  96   |  0.090  |  0.350  | -691.2626751781579 |
|  97   |  0.080  |  0.650  | -691.1832851868406 |
|  98   |  0.050  |  0.400  | -691.0515554351812 |
|  99   |  0.020  |  0.350  | -691.0001882072797 |
|  100  |  0.060  |  0.300  | -690.9128234002961 |
|  101  |  0.080  |  0.700  | -690.7405854712983 |
|  102  |  0.040  |  0.400  | -690.5614797988806 |
|  103  |  0.045  |  0.850  | -690.4452187581883 |
|  104  |  0.080  |  0.350  | -690.3947408583886 |
|  105  |  0.050  |  0.450  | -690.3088723827393 |
|  106  |  0.090  |  0.150  | -690.2195317795605 |
|  107  |  0.075  |  0.150  | -690.1605545148997 |
|  108  |  0.030  |  0.250  | -689.8087741499878 |
|  109  |  0.045  |  0.600  | -689.5929780876371 |
|  110  |  0.050  |  0.550  | -689.5162108681562 |
|  111  |  0.020  |  0.550  | -689.5110683401499 |
|  112  |  0.070  |  0.250  | -689.4772466743176 |
|  113  |  0.095  |  0.300  |  -689.45909564373  |
|  114  |  0.090  |  0.400  | -689.430864499811  |
|  115  |  0.045  |  0.250  | -689.3551989222445 |
|  116  |  0.055  |  0.550  | -689.3535420359811 |
|  117  |  0.075  |  0.500  | -689.2681994352798 |
|  118  |  0.085  |  0.450  | -689.2382537033583 |
|  119  |  0.100  |  0.550  | -688.5845647952125 |
|  120  |  0.065  |  0.650  | -688.4573645245991 |
|  121  |  0.020  |  0.450  | -688.3579023710492 |
|  122  |  0.045  |  1.350  | -687.954554068985  |
|  123  |  0.050  |  1.150  | -687.9092947637114 |
|  124  |  0.065  |  0.200  | -687.7692554012052 |
|  125  |  0.045  |  0.550  | -687.3793211924268 |
|  126  |  0.070  |  0.400  | -687.1260612398439 |
|  127  |  0.045  |  1.400  | -687.016070039679  |
|  128  |  0.045  |  1.150  | -686.8992397283539 |
|  129  |  0.060  |  0.750  | -686.8719980386134 |
|  130  |  0.050  |  0.700  | -686.8668192848113 |
|  131  |  0.055  |  0.250  | -686.8029726823904 |
|  132  |  0.035  |  0.650  | -686.6906726629044 |
|  133  |  0.060  |  0.600  |  -686.67200122595  |
|  134  |  0.040  |  0.300  | -686.6505900292981 |
|  135  |  0.010  |  1.050  | -686.5919496105247 |
|  136  |  0.045  |  0.400  | -686.3905610137762 |
|  137  |  0.020  |  0.850  | -686.2068950408062 |
|  138  |  0.095  |  0.800  | -686.1131176840278 |
|  139  |  0.045  |  0.150  | -686.0886137177915 |
|  140  |  0.050  |  0.200  | -685.906801615723  |
|  141  |  0.085  |  0.650  | -685.8634685146037 |
|  142  |  0.030  |  0.600  | -685.7377648451651 |
|  143  |  0.025  |  1.150  | -685.5473737127841 |
|  144  |  0.060  |  0.400  | -685.4409953490228 |
|  145  |  0.030  |  0.300  | -685.3716186470456 |
|  146  |  0.040  |  0.750  | -684.9836514023552 |
|  147  |  0.075  |  0.900  | -684.9063636556212 |
|  148  |  0.040  |  0.250  | -684.9027635881204 |
|  149  |  0.090  |  0.700  | -684.8259629888956 |
|  150  |  0.025  |  0.550  | -684.6393122906494 |
|  151  |  0.040  |  1.400  | -684.578851166521  |
|  152  |  0.025  |  0.350  | -684.4986530057362 |
|  153  |  0.010  |  0.950  | -684.4940840653679 |
|  154  |  0.055  |  0.500  | -684.1349798752472 |
|  155  |  0.015  |  0.550  | -683.9149075706201 |
|  156  |  0.010  |  0.850  | -683.7805072050722 |
|  157  |  0.070  |  0.150  | -683.7603097364969 |
|  158  |  0.015  |  0.800  | -683.7215073434708 |
|  159  |  0.095  |  0.900  | -683.699598852665  |
|  160  |  0.080  |  0.200  | -683.5898877977186 |
|  161  |  0.080  |  0.250  | -683.2097659296252 |
|  162  |  0.035  |  1.000  | -683.0476750638055 |
|  163  |  0.055  |  0.950  | -682.8817297822761 |
|  164  |  0.035  |  0.350  | -682.7808271565237 |
|  165  |  0.035  |  0.500  | -682.5820680497724 |
|  166  |  0.030  |  0.900  | -682.4877297517656 |
|  167  |  0.045  |  1.100  | -682.4127957213421 |
|  168  |  0.035  |  1.050  | -682.1853889761223 |
|  169  |  0.070  |  0.950  | -681.8906963830806 |
|  170  |  0.025  |  0.400  | -681.8741336804546 |
|  171  |  0.075  |  0.400  | -681.851894532392  |
|  172  |  0.025  |  0.950  | -681.7545249142064 |
|  173  |  0.085  |  0.300  | -681.7083344076707 |
|  174  |  0.050  |  0.350  | -681.588571953741  |
|  175  |  0.030  |  0.850  | -681.5321317085074 |
|  176  |  0.040  |  0.900  | -681.4695667601057 |
|  177  |  0.100  |  0.650  | -681.3015434203069 |
|  178  |  0.035  |  0.850  | -681.1929712400531 |
|  179  |  0.050  |  0.900  | -681.0639425320591 |
|  180  |  0.010  |  0.500  | -680.8622170544415 |
|  181  |  0.045  |  0.950  | -680.838827855263  |
|  182  |  0.025  |  0.750  | -680.8386036384842 |
|  183  |  0.040  |  0.550  | -680.8286727564495 |
|  184  |  0.065  |  0.850  | -680.7862272634077 |
|  185  |  0.065  |  0.350  | -680.7347197211502 |
|  186  |  0.100  |  0.400  | -680.6795090958235 |
|  187  |  0.035  |  0.250  | -680.6388905419499 |
|  188  |  0.075  |  0.800  | -680.578885622525  |
|  189  |  0.045  |  0.450  | -680.5285414765509 |
|  190  |  0.070  |  0.550  | -680.4859196357769 |
|  191  |  0.025  |  0.850  | -680.3734803628253 |
|  192  |  0.095  |  0.250  | -680.253945625064  |
|  193  |  0.065  |  0.550  | -680.168098793756  |
|  194  |  0.100  |  0.500  | -680.1539327705285 |
|  195  |  0.040  |  1.150  | -680.1006457680387 |
|  196  |  0.070  |  0.850  | -680.0280525455713 |
|  197  |  0.080  |  0.600  | -680.0261435745998 |
|  198  |  0.040  |  1.250  | -679.7899874587453 |
|  199  |  0.010  |  1.100  | -679.6693582698614 |
|  200  |  0.010  |  0.350  | -679.5670029792142 |
|  201  |  0.060  |  0.350  | -679.5253296301221 |
|  202  |  0.010  |  1.000  | -679.4643123076063 |
|  203  |  0.035  |  0.350  | -679.4328438398536 |
|  204  |  0.030  |  0.500  | -679.3374331326247 |
|  205  |  0.020  |  0.650  | -679.2888691588943 |
|  206  |  0.020  |  1.050  | -679.2844372540224 |
|  207  |  0.020  |  0.900  | -679.1470861668982 |
|  208  |  0.015  |  0.700  |  -678.98182396034  |
|  209  |  0.040  |  0.800  | -678.8899480521927 |
|  210  |  0.090  |  0.750  | -678.844754367927  |
|  211  |  0.020  |  0.500  | -678.8051802400698 |
|  212  |  0.030  |  0.800  | -678.7013520605341 |
|  213  |  0.060  |  0.800  | -678.6830731685588 |
|  214  |  0.090  |  0.650  | -678.4238837913186 |
|  215  |  0.040  |  1.050  | -678.3518064291495 |
|  216  |  0.070  |  0.700  | -678.3468178353997 |
|  217  |  0.050  |  0.750  | -678.2863355649723 |
|  218  |  0.065  |  0.100  | -678.2709262644194 |
|  219  |  0.090  |  0.500  | -678.2625097701424 |
|  220  |  0.085  |  0.400  | -678.0499954872595 |
|  221  |  0.055  |  0.650  | -678.0449398551211 |
|  222  |  0.065  |  0.150  | -677.7771834878217 |
|  223  |  0.060  |  0.900  | -677.7589182288998 |
|  224  |  0.040  |  1.000  | -677.7198129793878 |
|  225  |  0.025  |  0.300  | -677.6984553853947 |
|  226  |  0.025  |  0.250  | -677.6689091546203 |
|  227  |  0.020  |  1.100  | -677.2578435050125 |
|  228  |  0.015  |  0.850  | -677.0424599583091 |
|  229  |  0.015  |  1.050  | -676.9230904692124 |
|  230  |  0.050  |  0.850  | -676.8601183740661 |
|  231  |  0.065  |  1.200  | -676.4474993557079 |
|  232  |  0.075  |  0.350  | -676.4338910115772 |
|  233  |  0.020  |  0.700  | -676.376457334023  |
|  234  |  0.015  |  0.750  | -676.0787215731475 |
|  235  |  0.055  |  1.000  | -676.0719278425703 |
|  236  |  0.095  |  0.700  | -676.0632759598482 |
|  237  |  0.070  |  0.700  | -675.892641698768  |
|  238  |  0.035  |  0.600  | -675.8307667220055 |
|  239  |  0.080  |  0.750  | -675.7952821763755 |
|  240  |  0.060  |  1.150  | -675.7018231146125 |
|  241  |  0.080  |  0.550  | -675.6769753760658 |
|  242  |  0.065  |  0.700  | -675.6382807757326 |
|  243  |  0.055  |  0.900  | -675.5195374246093 |
|  244  |  0.050  |  0.650  | -675.4138568735796 |
|  245  |  0.035  |  0.300  | -675.1566316704174 |
|  246  |  0.025  |  0.650  | -675.1529565548856 |
|  247  |  0.050  |  0.500  | -674.7446823056963 |
|  248  |  0.025  |  0.800  | -674.6424646211698 |
|  249  |  0.025  |  1.000  | -674.6339968727125 |
|  250  |  0.045  |  0.750  | -674.6002171771552 |
|  251  |  0.045  |  0.650  | -674.5097655321518 |
|  252  |  0.100  |  0.100  | -674.3758053273766 |
|  253  |  0.100  |  0.600  | -674.3503848422653 |
|  254  |  0.045  |  1.200  | -674.2532539672236 |
|  255  |  0.035  |  0.400  | -674.2135596142464 |
|  256  |  0.015  |  0.300  | -674.1637789557928 |
|  257  |  0.055  |  0.200  | -674.1628671210821 |
|  258  |  0.090  |  0.850  | -674.0850039717166 |
|  259  |  0.070  |  0.650  | -673.8794949802424 |
|  260  |  0.085  |  0.600  | -673.8686107711612 |
|  261  |  0.035  |  0.150  | -673.7387495681039 |
|  262  |  0.085  |  0.800  | -673.7324828116792 |
|  263  |  0.055  |  0.850  | -673.456539408647  |
|  264  |  0.015  |  1.000  | -673.4116309530762 |
|  265  |  0.010  |  0.700  | -673.2098873141776 |
|  266  |  0.025  |  1.100  | -673.0688297469956 |
|  267  |  0.030  |  0.550  | -673.0483097038483 |
|  268  |  0.055  |  0.150  | -672.8079586032408 |
|  269  |  0.035  |  1.300  | -672.6858515884907 |
|  270  |  0.015  |  0.450  | -672.6745074285853 |
|  271  |  0.050  |  1.250  | -672.6466969454603 |
|  272  |  0.090  |  0.300  | -672.6169390677125 |
|  273  |  0.025  |  0.600  | -672.4206204764954 |
|  274  |  0.085  |  0.550  | -672.4083914362435 |
|  275  |  0.065  |  0.950  | -672.2310733062295 |
|  276  |  0.085  |  0.700  | -672.196256311883  |
|  277  |  0.020  |  1.250  | -671.9875326047555 |
|  278  |  0.070  |  0.750  | -671.9094647038075 |
|  279  |  0.080  |  0.500  | -671.8525364696802 |
|  280  |  0.050  |  1.200  | -671.6042505529178 |
|  281  |  0.100  |  0.250  | -671.5423912691568 |
|  282  |  0.045  |  1.050  | -671.5197616202953 |
|  283  |  0.020  |  1.150  | -671.4659044671091 |
|  284  |  0.035  |  0.900  |  -671.36658729329  |
|  285  |  0.015  |  0.400  | -671.1397991063895 |
|  286  |  0.095  |  0.500  | -671.0847274766858 |
|  287  |  0.085  |  0.850  | -671.0709305507812 |
|  288  |  0.060  |  0.150  | -671.0596997479429 |
|  289  |  0.035  |  1.200  | -670.9642094707311 |
|  290  |  0.010  |  0.900  | -670.5153805313682 |
|  291  |  0.045  |  0.200  | -670.316618814043  |
|  292  |  0.010  |  0.450  | -670.2786415395241 |
|  293  |  0.070  |  0.500  | -670.2774696031684 |
|  294  |  0.045  |  0.500  | -670.1411504599458 |
|  295  |  0.040  |  1.100  | -670.1025423157467 |
|  296  |  0.060  |  1.100  | -669.8232211711442 |
|  297  |  0.095  |  0.150  | -669.6778919536295 |
|  298  |  0.015  |  1.100  | -669.6544065628159 |
|  299  |  0.085  |  0.750  | -669.5946239258357 |
|  300  |  0.020  |  0.600  | -669.5575846745357 |
|  301  |  0.035  |  0.950  | -669.4615950563958 |
|  302  |  0.010  |  1.200  | -669.1418750469398 |
|  303  |  0.070  |  0.900  | -668.8417918995697 |
|  304  |  0.100  |  0.300  | -668.5013298678543 |
|  305  |  0.030  |  0.650  | -668.3722337108508 |
|  306  |  0.070  |  0.300  | -667.9771864196116 |
|  307  |  0.035  |  1.450  | -667.8811528310446 |
|  308  |  0.030  |  0.950  | -667.8470240368845 |
|  309  |  0.010  |  0.300  | -667.6237487354069 |
|  310  |  0.015  |  0.200  | -667.6036165115622 |
|  311  |  0.035  |  0.200  | -667.5291795379921 |
|  312  |  0.095  |  0.550  | -667.4084710257675 |
|  313  |  0.075  |  1.000  | -667.3112204964896 |
|  314  |  0.040  |  0.200  | -667.1993629811057 |
|  315  |  0.075  |  0.650  | -667.1940994898571 |
|  316  |  0.090  |  0.900  | -667.0679302681345 |
|  317  |  0.045  |  1.000  | -666.9992287213256 |
|  318  |  0.090  |  0.600  | -666.9843639607574 |
|  319  |  0.050  |  0.800  |  -666.8780406568   |
|  320  |  0.010  |  1.150  | -666.7688410080957 |
|  321  |  0.075  |  0.950  | -666.7647567307134 |
|  322  |  0.040  |  0.150  | -666.7480252870613 |
|  323  |  0.025  |  0.700  | -666.6658005114436 |
|  324  |  0.010  |  0.400  | -666.4034322218528 |
|  325  |  0.015  |  1.300  | -666.3747961205164 |
|  326  |  0.085  |  0.150  | -666.3468546581952 |
|  327  |  0.075  |  0.550  | -666.3213639690081 |
|  328  |  0.025  |  1.050  | -666.2361447092414 |
|  329  |  0.080  |  0.800  | -666.2056167782678 |
|  330  |  0.025  |  1.200  | -665.8377659399888 |
|  331  |  0.015  |  0.500  | -665.8180346121823 |
|  332  |  0.100  |  0.700  | -665.7543309236165 |
|  333  |  0.090  |  0.100  | -665.5258212768449 |
|  334  |  0.035  |  1.150  | -665.5128582566861 |
|  335  |  0.085  |  1.000  | -664.9931755171698 |
|  336  |  0.010  |  0.250  | -664.9929772178941 |
|  337  |  0.020  |  0.300  | -664.864315807589  |
|  338  |  0.060  |  1.050  | -664.792762952057  |
|  339  |  0.045  |  1.300  | -664.5613951432829 |
|  340  |  0.065  |  1.250  | -664.3097488397852 |
|  341  |  0.030  |  1.350  | -664.2834691369667 |
|  342  |  0.080  |  0.100  | -664.1625218188268 |
|  343  |  0.065  |  0.750  | -664.154719123932  |
|  344  |  0.030  |  1.050  | -664.0383171931471 |
|  345  |  0.070  |  1.050  | -663.6041849416955 |
|  346  |  0.100  |  0.150  | -663.4793040950271 |
|  347  |  0.065  |  0.800  | -663.4726548946151 |
|  348  |  0.070  |  1.200  | -663.3895224012308 |
|  349  |  0.090  |  0.800  | -663.2692102579598 |
|  350  |  0.035  |  0.700  | -663.2404558140058 |
|  351  |  0.065  |  1.350  | -662.893762242658  |
|  352  |  0.070  |  1.150  | -662.8187885155677 |
|  353  |  0.035  |  1.300  | -662.7408624327941 |
|  354  |  0.075  |  0.450  | -662.6843361610314 |
|  355  |  0.095  |  1.000  | -662.4276180397376 |
|  356  |  0.080  |  0.150  | -662.393550843217  |
|  357  |  0.030  |  1.200  | -662.3313646517706 |
|  358  |  0.100  |  0.850  | -662.304439146931  |
|  359  |  0.070  |  0.800  | -662.2925985511371 |
|  360  |  0.095  |  0.600  | -662.2448492067708 |
|  361  |  0.095  |  0.950  | -662.1930266087692 |
|  362  |  0.035  |  1.100  | -662.1707399235867 |
|  363  |  0.085  |  0.900  | -662.1447756369693 |
|  364  |  0.055  |  1.200  | -662.0336598660417 |
|  365  |  0.060  |  1.300  | -661.8464330110795 |
|  366  |  0.085  |  0.950  | -661.7564282372933 |
|  367  |  0.030  |  0.200  | -661.731915785678  |
|  368  |  0.060  |  0.700  | -661.7122233248664 |
|  369  |  0.010  |  0.750  | -661.698775624411  |
|  370  |  0.070  |  1.000  | -661.691913498433  |
|  371  |  0.100  |  1.050  | -661.6104129272811 |
|  372  |  0.020  |  0.750  | -661.4875609673863 |
|  373  |  0.030  |  1.800  | -661.430714038184  |
|  374  |  0.045  |  1.550  | -661.3507400268222 |
|  375  |  0.020  |  0.200  | -661.3211009868535 |
|  376  |  0.025  |  0.250  | -661.1292443432505 |
|  377  |  0.050  |  1.000  | -661.0128088644345 |
|  378  |  0.020  |  0.250  | -660.8294987033744 |
|  379  |  0.090  |  1.150  | -660.6270492697389 |
|  380  |  0.075  |  0.700  | -660.5579711966124 |
|  381  |  0.080  |  0.900  | -660.2124163061114 |
|  382  |  0.030  |  1.150  | -660.1837403602419 |
|  383  |  0.030  |  0.150  | -660.1517168910284 |
|  384  |  0.065  |  1.000  | -660.1471721535528 |
|  385  |  0.065  |  0.900  | -660.1383825115204 |
|  386  |  0.020  |  1.450  | -660.0201342319452 |
|  387  |  0.070  |  1.100  | -659.8211317997632 |
|  388  |  0.085  |  0.850  | -659.7470699987439 |
|  389  |  0.050  |  0.150  | -659.732335615309  |
|  390  |  0.035  |  1.600  | -659.6348665790381 |
|  391  |  0.010  |  1.500  | -659.6103003178645 |
|  392  |  0.020  |  1.150  | -659.5740081129152 |
|  393  |  0.075  |  0.750  | -659.2240224175288 |
|  394  |  0.060  |  1.000  | -659.0111659153305 |
|  395  |  0.035  |  1.500  | -658.9284564839928 |
|  396  |  0.020  |  1.350  | -658.7490224494798 |
|  397  |  0.010  |  1.250  | -658.4380948860255 |
|  398  |  0.065  |  0.650  | -658.4277562622033 |
|  399  |  0.040  |  1.750  | -658.3809530345976 |
|  400  |  0.050  |  1.100  | -658.2093675592205 |
|  401  |  0.030  |  1.550  | -658.0116396207685 |
|  402  |  0.030  |  1.250  | -657.9877066252507 |
|  403  |  0.075  |  0.750  | -657.8069192288714 |
|  404  |  0.025  |  1.600  | -657.7433737237778 |
|  405  |  0.020  |  1.300  | -657.6591556901815 |
|  406  |  0.035  |  1.400  | -657.6078066534909 |
|  407  |  0.015  |  1.350  | -657.5546238295852 |
|  408  |  0.055  |  1.250  | -657.4727595112103 |
|  409  |  0.055  |  1.150  | -657.3223593303035 |
|  410  |  0.055  |  1.650  | -657.2753155195278 |
|  411  |  0.045  |  1.500  | -657.1412078622416 |
|  412  |  0.035  |  1.250  | -657.0683585287601 |
|  413  |  0.100  |  0.800  | -656.8536868981279 |
|  414  |  0.050  |  0.950  | -656.6833629713739 |
|  415  |  0.015  |  1.100  | -656.5804949347228 |
|  416  |  0.065  |  1.050  | -656.3984795630378 |
|  417  |  0.060  |  1.250  | -656.3903868123797 |
|  418  |  0.030  |  1.500  | -656.3497301334669 |
|  419  |  0.040  |  1.800  | -656.2759863918179 |
|  420  |  0.020  |  0.950  | -655.9321692090464 |
|  421  |  0.055  |  1.050  | -655.8441712812017 |
|  422  |  0.015  |  1.200  | -655.7829166709139 |
|  423  |  0.095  |  0.850  | -655.7254692476159 |
|  424  |  0.015  |  1.550  | -655.5023004672881 |
|  425  |  0.040  |  1.300  | -655.2554213512188 |
|  426  |  0.015  |  1.150  | -655.254667325317  |
|  427  |  0.040  |  1.350  | -655.1724482321874 |
|  428  |  0.050  |  1.300  | -654.4888663949196 |
|  429  |  0.030  |  1.650  | -654.321304817266  |
|  430  |  0.050  |  1.600  | -654.2201800979892 |
|  431  |  0.040  |  1.500  | -654.0661331203104 |
|  432  |  0.010  |  1.050  | -653.9429378549399 |
|  433  |  0.075  |  1.100  | -653.3965384323837 |
|  434  |  0.025  |  1.300  | -653.3442355680759 |
|  435  |  0.030  |  1.300  | -653.2504819142299 |
|  436  |  0.025  |  1.500  | -653.1769344114704 |
|  437  |  0.010  |  1.450  | -652.8779689534949 |
|  438  |  0.050  |  1.050  | -652.8205008739766 |
|  439  |  0.035  |  1.350  | -652.8075064413412 |
|  440  |  0.050  |  1.500  | -652.7802938232172 |
|  441  |  0.040  |  1.700  | -652.7529498249231 |
|  442  |  0.025  |  0.200  | -652.6563745386534 |
|  443  |  0.050  |  1.700  | -652.489047898623  |
|  444  |  0.055  |  1.100  | -652.4239692992282 |
|  445  |  0.030  |  1.950  | -652.3749816189834 |
|  446  |  0.075  |  0.850  | -652.3238939933509 |
|  447  |  0.085  |  0.100  | -652.192588904261  |
|  448  |  0.025  |  1.400  | -652.1893977903322 |
|  449  |  0.090  |  0.900  | -652.1717801038751 |
|  450  |  0.080  |  1.150  | -652.1630835626734 |
|  451  |  0.080  |  0.850  | -651.9114454383206 |
|  452  |  0.100  |  0.950  | -651.8995509795875 |
|  453  |  0.030  |  1.100  | -651.6634393382533 |
|  454  |  0.025  |  1.200  | -651.3804624545801 |
|  455  |  0.040  |  1.550  | -651.2824232763957 |
|  456  |  0.010  |  0.600  | -651.2592080287321 |
|  457  |  0.010  |  1.400  | -651.2521689673413 |
|  458  |  0.015  |  0.250  | -651.059113608584  |
|  459  |  0.025  |  1.350  | -651.0421434917375 |
|  460  |  0.065  |  1.100  | -650.964958131527  |
|  461  |  0.090  |  1.050  | -650.9174638490624 |
|  462  |  0.065  |  1.150  | -650.8466091352694 |
|  463  |  0.025  |  1.250  | -650.7780516355579 |
|  464  |  0.085  |  1.300  | -650.7619433786341 |
|  465  |  0.035  |  1.800  | -650.4808299956105 |
|  466  |  0.030  |  1.850  | -650.1937083627698 |
|  467  |  0.065  |  1.400  | -650.1756267931522 |
|  468  |  0.040  |  1.650  | -649.4371109440626 |
|  469  |  0.020  |  1.000  | -649.3401691012588 |
|  470  |  0.010  |  1.300  | -649.2849563510551 |
|  471  |  0.020  |  1.950  | -649.2787725080293 |
|  472  |  0.040  |  1.450  | -649.2679368088967 |
|  473  |  0.020  |  1.400  | -649.1783668140191 |
|  474  |  0.045  |  1.250  | -648.8537337991718 |
|  475  |  0.090  |  1.000  | -648.8447611859165 |
|  476  |  0.040  |  1.600  | -648.6922195914229 |
|  477  |  0.025  |  1.850  | -648.4987068133573 |
|  478  |  0.095  |  0.950  | -648.2923322156292 |
|  479  |  0.030  |  1.600  | -648.159130130989  |
|  480  |  0.080  |  0.800  | -648.0614957967035 |
|  481  |  0.080  |  1.250  | -647.666296679344  |
|  482  |  0.080  |  0.950  | -647.5683384333089 |
|  483  |  0.015  |  1.250  | -647.5455746824791 |
|  484  |  0.015  |  1.400  | -647.4654596000508 |
|  485  |  0.025  |  1.950  | -647.0079021890886 |
|  486  |  0.035  |  1.650  | -646.8381542426401 |
|  487  |  0.075  |  1.450  | -646.5272595679987 |
|  488  |  0.090  |  1.550  | -645.8703566328835 |
|  489  |  0.055  |  1.350  | -645.6211023011914 |
|  490  |  0.080  |  1.050  | -645.4529196791477 |
|  491  |  0.015  |  1.450  | -645.3746616266468 |
|  492  |  0.050  |  1.450  | -645.2650016428771 |
|  493  |  0.050  |  1.650  | -645.1789443555912 |
|  494  |  0.070  |  0.100  | -645.1168219686208 |
|  495  |  0.055  |  1.500  | -645.0369765111559 |
|  496  |  0.020  |  1.200  | -645.030563944357  |
|  497  |  0.085  |  1.150  | -645.0023376246171 |
|  498  |  0.050  |  1.350  | -644.9210921260625 |
|  499  |  0.085  |  1.200  | -644.6413658176244 |
|  500  |  0.090  |  1.100  | -644.5570116531583 |
|  501  |  0.080  |  1.100  | -644.5107722739223 |
|  502  |  0.100  |  0.900  | -644.2949659950606 |
|  503  |  0.030  |  1.250  | -644.1124853815508 |
|  504  |  0.045  |  1.650  | -644.0252380337956 |
|  505  |  0.015  |  1.600  | -643.8995451115774 |
|  506  |  0.065  |  1.500  | -643.8749859574251 |
|  507  |  0.040  |  1.200  | -643.8681228566146 |
|  508  |  0.085  |  1.050  | -643.8599364563785 |
|  509  |  0.020  |  1.600  | -643.6786167873712 |
|  510  |  0.035  |  1.750  | -643.4597909675429 |
|  511  |  0.055  |  1.400  | -643.4259452229054 |
|  512  |  0.075  |  1.300  | -643.3250075813894 |
|  513  |  0.060  |  1.400  | -643.198561398339  |
|  514  |  0.040  |  1.350  | -643.1651183565385 |
|  515  |  0.035  |  1.550  | -643.0231423445935 |
|  516  |  0.055  |  1.450  | -642.8801801347378 |
|  517  |  0.075  |  1.150  | -642.4604164840375 |
|  518  |  0.040  |  1.900  | -642.2073148513309 |
|  519  |  0.030  |  1.450  | -642.1669369952369 |
|  520  |  0.070  |  1.300  | -641.9924541625574 |
|  521  |  0.015  |  1.650  | -641.7863714348939 |
|  522  |  0.095  |  1.250  | -641.7823334804027 |
|  523  |  0.055  |  1.550  | -641.6429216627002 |
|  524  |  0.050  |  1.550  | -641.6315445784484 |
|  525  |  0.080  |  0.050  | -641.1913579448416 |
|  526  |  0.060  |  0.100  | -641.0572572727347 |
|  527  |  0.045  |  1.600  | -640.8859501806523 |
|  528  |  0.045  |  1.750  | -640.8360513165735 |
|  529  |  0.010  |  1.950  | -640.7193588096764 |
|  530  |  0.070  |  1.350  | -640.5280328094353 |
|  531  |  0.070  |  1.250  | -640.3965191736656 |
|  532  |  0.080  |  1.000  | -640.3887531541994 |
|  533  |  0.095  |  1.200  | -640.3011071177776 |
|  534  |  0.060  |  1.650  | -640.1467680231939 |
|  535  |  0.015  |  1.900  | -639.899286805711  |
|  536  |  0.085  |  1.100  | -639.8337719972292 |
|  537  |  0.050  |  2.000  | -639.7066872016325 |
|  538  |  0.025  |  1.800  | -639.3702296888937 |
|  539  |  0.065  |  1.600  | -639.2104032105132 |
|  540  |  0.030  |  1.900  | -639.1095577296829 |
|  541  |  0.025  |  0.150  | -638.970442364139  |
|  542  |  0.030  |  2.000  | -638.7539050880664 |
|  543  |  0.090  |  0.950  | -638.3651338567142 |
|  544  |  0.075  |  1.200  | -638.3293946612943 |
|  545  |  0.010  |  1.650  | -638.3248804695745 |
|  546  |  0.020  |  1.900  | -638.1276877680998 |
|  547  |  0.010  |  0.200  | -638.1032203787104 |
|  548  |  0.020  |  1.700  | -637.8383364449605 |
|  549  |  0.065  |  1.300  | -637.619037704174  |
|  550  |  0.010  |  1.350  | -637.5268099699189 |
|  551  |  0.045  |  1.400  | -637.4394097364661 |
|  552  |  0.090  |  1.300  | -637.4315215903905 |
|  553  |  0.040  |  0.100  | -637.420456296254  |
|  554  |  0.030  |  1.400  | -637.2424758156075 |
|  555  |  0.055  |  1.300  |   -637.124978732   |
|  556  |  0.075  |  1.050  | -637.0859934633093 |
|  557  |  0.055  |  1.700  | -636.655714855808  |
|  558  |  0.070  |  1.500  | -636.6321676003173 |
|  559  |  0.060  |  1.500  | -636.6237940758024 |
|  560  |  0.025  |  1.650  | -636.5689963367084 |
|  561  |  0.010  |  1.900  | -636.5479510083218 |
|  562  |  0.080  |  1.450  | -636.3360701208214 |
|  563  |  0.015  |  1.500  | -636.2739398180622 |
|  564  |  0.045  |  1.900  | -636.2370435061475 |
|  565  |  0.050  |  1.400  | -636.1071165499247 |
|  566  |  0.100  |  1.000  | -635.8707089400971 |
|  567  |  0.055  |  0.100  | -635.8626448053948 |
|  568  |  0.045  |  1.450  | -635.8035309919889 |
|  569  |  0.040  |  2.000  | -635.6671268982484 |
|  570  |  0.065  |  1.450  | -635.6501775690562 |
|  571  |  0.020  |  1.850  | -635.4707663175615 |
|  572  |  0.100  |  1.100  | -635.3598479097765 |
|  573  |  0.035  |  1.700  | -635.2756664766791 |
|  574  |  0.075  |  1.350  | -635.0860037083311 |
|  575  |  0.060  |  1.350  | -634.767389241768  |
|  576  |  0.035  |  1.900  | -634.5829810345865 |
|  577  |  0.100  |  1.200  | -634.3768833124703 |
|  578  |  0.020  |  1.800  | -634.3287709459464 |
|  579  |  0.090  |  1.350  | -634.042634607463  |
|  580  |  0.065  |  1.600  | -633.8350422573988 |
|  581  |  0.025  |  1.450  | -633.771706215165  |
|  582  |  0.010  |  1.600  | -633.4308035949219 |
|  583  |  0.025  |  2.000  | -633.3319631522847 |
|  584  |  0.100  |  1.150  | -633.2602541850235 |
|  585  |  0.050  |  1.450  | -633.0337918991528 |
|  586  |  0.080  |  1.600  | -632.8569215590303 |
|  587  |  0.075  |  1.250  | -632.8408828452967 |
|  588  |  0.080  |  1.350  | -632.747297194973  |
|  589  |  0.025  |  1.900  | -632.2665717467447 |
|  590  |  0.095  |  0.100  | -631.9046164333499 |
|  591  |  0.050  |  0.100  | -631.8572284112055 |
|  592  |  0.095  |  1.450  | -631.7754482679946 |
|  593  |  0.050  |  1.900  | -631.6078566404061 |
|  594  |  0.060  |  1.200  | -631.5503136965755 |
|  595  |  0.055  |  1.750  | -631.5339493585008 |
|  596  |  0.065  |  1.700  | -631.1598304860003 |
|  597  |  0.040  |  1.950  | -631.1140663702125 |
|  598  |  0.060  |  1.450  | -630.3522509975031 |
|  599  |  0.035  |  0.100  | -630.2989584261198 |
|  600  |  0.080  |  1.400  | -630.2966611584363 |
|  601  |  0.085  |  1.350  | -630.1988498827919 |
|  602  |  0.010  |  1.700  | -630.1090217985413 |
|  603  |  0.025  |  1.550  | -629.9874394557069 |
|  604  |  0.035  |  1.850  | -629.8662267257304 |
|  605  |  0.060  |  1.550  | -629.5649940754588 |
|  606  |  0.070  |  1.450  | -629.2337670773059 |
|  607  |  0.030  |  1.750  | -629.2212092218937 |
|  608  |  0.070  |  1.650  | -629.0352243544377 |
|  609  |  0.050  |  1.850  | -628.8326018151618 |
|  610  |  0.055  |  1.500  | -628.512003847153  |
|  611  |  0.075  |  0.100  | -628.3770148447204 |
|  612  |  0.060  |  1.550  | -628.2624157250374 |
|  613  |  0.010  |  1.800  | -628.0233821859689 |
|  614  |  0.030  |  1.700  | -627.6110150114328 |
|  615  |  0.020  |  0.150  | -627.5416360283084 |
|  616  |  0.045  |  1.850  | -627.4191550229765 |
|  617  |  0.075  |  1.500  | -627.1386092019883 |
|  618  |  0.095  |  1.100  | -627.0778493045376 |
|  619  |  0.020  |  1.650  | -626.984774905039  |
|  620  |  0.020  |  1.550  | -626.8796630298523 |
|  621  |  0.080  |  1.300  | -626.3622372506653 |
|  622  |  0.090  |  1.400  | -626.1408695147055 |
|  623  |  0.090  |  1.200  | -625.8298624726355 |
|  624  |  0.070  |  1.750  | -625.6725501806333 |
|  625  |  0.060  |  1.700  | -625.6044633106042 |
|  626  |  0.045  |  1.700  | -625.6004906631662 |
|  627  |  0.085  |  1.250  | -625.5317172947236 |
|  628  |  0.040  |  1.850  | -625.3004355279654 |
|  629  |  0.015  |  0.100  | -624.9148315501371 |
|  630  |  0.015  |  1.850  | -624.8342274908568 |
|  631  |  0.065  |  1.550  | -624.7981290043766 |
|  632  |  0.035  |  2.000  | -624.7939799402188 |
|  633  |  0.045  |  1.800  | -624.7312784062744 |
|  634  |  0.025  |  1.700  | -624.7250107167395 |
|  635  |  0.045  |  2.000  | -624.2978594627057 |
|  636  |  0.060  |  1.850  | -624.1543400555746 |
|  637  |  0.045  |  0.100  | -624.1449091577801 |
|  638  |  0.020  |  2.000  | -624.0906861673418 |
|  639  |  0.100  |  1.000  | -623.9309890546568 |
|  640  |  0.020  |  1.500  | -623.8596614595016 |
|  641  |  0.015  |  1.750  | -623.7517273354408 |
|  642  |  0.035  |  0.050  | -623.6220531082623 |
|  643  |  0.055  |  1.850  | -623.1055029800161 |
|  644  |  0.010  |  1.850  | -623.017150329483  |
|  645  |  0.070  |  1.600  | -623.0094104893296 |
|  646  |  0.010  |  1.550  | -622.349510727961  |
|  647  |  0.025  |  1.750  | -622.3344783805387 |
|  648  |  0.080  |  1.200  | -622.3028916781458 |
|  649  |  0.015  |  1.700  | -622.1617097786434 |
|  650  |  0.055  |  1.600  | -621.8324523541231 |
|  651  |  0.100  |  1.450  | -621.6459885710905 |
|  652  |  0.045  |  1.950  | -621.6143643401577 |
|  653  |  0.095  |  1.350  | -621.5888499602046 |
|  654  |  0.100  |  1.250  | -621.1438479421668 |
|  655  |  0.010  |  2.000  | -620.9960068447443 |
|  656  |  0.015  |  0.150  | -620.9163148901021 |
|  657  |  0.070  |  1.550  | -620.3207729257795 |
|  658  |  0.015  |  1.800  | -620.1868783441773 |
|  659  |  0.035  |  1.950  | -620.1699915154436 |
|  660  |  0.010  |  0.150  | -619.7445257998756 |
|  661  |  0.060  |  1.800  | -619.4884984322288 |
|  662  |  0.050  |  0.050  | -619.1295425382594 |
|  663  |  0.070  |  1.400  | -619.0016506107293 |
|  664  |  0.070  |  1.950  | -618.7474194932432 |
|  665  |  0.070  |  1.850  | -618.592701371206  |
|  666  |  0.085  |  1.400  |  -618.58444628525  |
|  667  |  0.090  |  1.450  | -618.5228540974065 |
|  668  |  0.055  |  1.900  | -618.3564466565443 |
|  669  |  0.090  |  1.250  | -618.2135256660656 |
|  670  |  0.095  |  1.150  | -617.9176728214107 |
|  671  |  0.030  |  0.100  | -617.4548949315866 |
|  672  |  0.100  |  0.050  | -617.3907298094559 |
|  673  |  0.075  |  1.400  | -616.7584187640958 |
|  674  |  0.070  |  1.700  | -616.7264266691761 |
|  675  |  0.020  |  0.200  | -615.4729382500627 |
|  676  |  0.055  |  1.800  | -615.4506780502171 |
|  677  |  0.095  |  1.050  | -615.3924933498289 |
|  678  |  0.010  |  1.750  | -615.2958138851412 |
|  679  |  0.020  |  0.100  | -615.2154962247663 |
|  680  |  0.015  |  0.150  | -615.0946560422713 |
|  681  |  0.080  |  1.550  | -614.5561064305616 |
|  682  |  0.090  |  0.050  | -614.3497541971341 |
|  683  |  0.020  |  1.750  | -613.8876037687828 |
|  684  |  0.060  |  1.750  | -613.4934766492066 |
|  685  |  0.015  |  1.950  | -613.4803918499973 |
|  686  |  0.080  |  1.800  | -613.3733571554194 |
|  687  |  0.075  |  1.600  | -613.3144697937839 |
|  688  |  0.060  |  2.000  | -613.2876799058088 |
|  689  |  0.010  |  2.000  | -613.1476620229212 |
|  690  |  0.050  |  1.950  | -613.113450681347  |
|  691  |  0.100  |  1.300  | -612.528199509512  |
|  692  |  0.055  |  2.000  | -612.0995532060725 |
|  693  |  0.075  |  1.850  | -612.0484376339315 |
|  694  |  0.070  |  1.800  | -611.8069796411431 |
|  695  |  0.095  |  1.300  | -611.4905992228298 |
|  696  |  0.100  |  1.550  |  -610.96572310459  |
|  697  |  0.065  |  1.850  | -610.9337163762408 |
|  698  |  0.090  |  1.650  | -610.8766299046637 |
|  699  |  0.050  |  1.750  | -610.8024733915237 |
|  700  |  0.085  |  1.550  | -610.2412270014518 |
|  701  |  0.075  |  2.000  | -609.8909485851166 |
|  702  |  0.085  |  1.600  | -607.9724249669257 |
|  703  |  0.090  |  1.500  | -607.9600242998881 |
|  704  |  0.060  |  0.050  | -607.7436131818855 |
|  705  |  0.095  |  0.050  | -607.7428952326212 |
|  706  |  0.095  |  1.400  | -607.1521933112325 |
|  707  |  0.050  |  1.800  | -606.9250716647663 |
|  708  |  0.065  |  0.050  | -606.8329565271379 |
|  709  |  0.065  |  1.900  |  -606.79716643588  |
|  710  |  0.075  |  1.800  | -606.6873170515239 |
|  711  |  0.075  |  1.700  | -606.3957446657928 |
|  712  |  0.075  |  1.550  | -606.2940431511264 |
|  713  |  0.025  |  0.100  | -606.0710137018808 |
|  714  |  0.080  |  1.700  | -606.0011576615631 |
|  715  |  0.100  |  1.350  | -605.9161963177844 |
|  716  |  0.095  |  1.700  | -605.8534186932159 |
|  717  |  0.060  |  1.600  | -605.674184860397  |
|  718  |  0.075  |  1.650  | -605.6650413120932 |
|  719  |  0.065  |  1.650  | -605.5794449432677 |
|  720  |  0.055  |  1.950  | -605.5789539152893 |
|  721  |  0.060  |  1.950  | -605.5530200171448 |
|  722  |  0.075  |  0.050  | -604.6033302623977 |
|  723  |  0.045  |  0.050  | -604.0324789424516 |
|  724  |  0.070  |  1.900  | -603.9954465372032 |
|  725  |  0.085  |  1.450  | -602.893048533318  |
|  726  |  0.010  |  0.100  | -602.8822877321446 |
|  727  |  0.085  |  1.500  | -602.1991348656013 |
|  728  |  0.080  |  1.500  | -602.1938447091824 |
|  729  |  0.090  |  1.600  | -602.0428963057122 |
|  730  |  0.075  |  1.900  | -601.9034595038343 |
|  731  |  0.015  |  2.000  | -601.6565604524404 |
|  732  |  0.075  |  1.700  | -601.0355630387527 |
|  733  |  0.070  |  1.650  | -600.6830041813954 |
|  734  |  0.085  |  1.700  | -600.3262440827552 |
|  735  |  0.085  |  1.750  | -599.3825914081016 |
|  736  |  0.055  |  0.050  | -598.9724960250805 |
|  737  |  0.080  |  1.950  | -598.8500127524002 |
|  738  |  0.080  |  1.900  | -598.8442841833657 |
|  739  |  0.085  |  1.850  | -598.6351628081028 |
|  740  |  0.100  |  1.500  | -598.304204079087  |
|  741  |  0.070  |  0.050  | -597.7058132146938 |
|  742  |  0.065  |  1.950  | -597.1788124485653 |
|  743  |  0.095  |  1.800  | -596.4489420103027 |
|  744  |  0.060  |  1.900  | -595.1718202782625 |
|  745  |  0.080  |  1.750  | -595.1520709845149 |
|  746  |  0.065  |  2.000  | -594.6911818317928 |
|  747  |  0.090  |  1.700  | -594.0399237048961 |
|  748  |  0.095  |  1.600  | -593.8766486676816 |
|  749  |  0.065  |  1.750  | -593.6363944657417 |
|  750  |  0.095  |  1.650  | -593.3363562875044 |
|  751  |  0.085  |  1.800  | -591.9959517942569 |
|  752  |  0.085  |  0.050  | -591.8740533277136 |
|  753  |  0.095  |  1.500  | -591.2672019132051 |
|  754  |  0.085  |  1.800  | -590.7158837219868 |
|  755  |  0.080  |  1.650  | -590.0555335455188 |
|  756  |  0.085  |  1.650  | -590.0477089174774 |
|  757  |  0.010  |  0.100  | -589.5707013358207 |
|  758  |  0.080  |  1.750  | -588.7741539108341 |
|  759  |  0.065  |  1.800  | -588.2207320864717 |
|  760  |  0.075  |  1.950  | -588.145986161031  |
|  761  |  0.100  |  1.400  | -588.1392808455836 |
|  762  |  0.080  |  1.850  | -587.4626910336758 |
|  763  |  0.090  |  1.850  | -586.1122069222416 |
|  764  |  0.095  |  1.750  | -585.6632386498645 |
|  765  |  0.095  |  1.550  | -583.6725815650369 |
|  766  |  0.075  |  1.750  | -583.5346105264643 |
|  767  |  0.070  |  2.000  | -582.4053158394368 |
|  768  |  0.100  |  1.650  | -581.8735803922223 |
|  769  |  0.090  |  1.900  | -581.3806303155903 |
|  770  |  0.080  |  2.000  | -580.2328431360849 |
|  771  |  0.090  |  1.800  | -579.1318546142476 |
|  772  |  0.005  |  0.050  | -578.9590311158437 |
|  773  |  0.090  |  2.000  | -578.6857091531338 |
|  774  |  0.085  |  1.900  | -578.4535623120858 |
|  775  |  0.100  |  1.700  | -577.8054249098816 |
|  776  |  0.100  |  1.750  | -577.7744766762679 |
|  777  |  0.040  |  0.050  | -576.912609645642  |
|  778  |  0.100  |  2.000  | -576.733710301592  |
|  779  |  0.100  |  1.600  | -576.2154334228377 |
|  780  |  0.095  |  1.950  | -575.3027379799115 |
|  781  |  0.090  |  1.750  | -574.7258069452741 |
|  782  |  0.100  |  1.800  | -573.4004697559255 |
|  783  |  0.100  |  1.950  | -572.9990216317937 |
|  784  |  0.095  |  1.900  | -572.4884979435593 |
|  785  |  0.095  |  1.900  | -571.6526132037422 |
|  786  |  0.015  |  0.050  | -568.8081752567899 |
|  787  |  0.090  |  1.950  | -567.8392831258316 |
|  788  |  0.030  |  0.050  | -567.8035272794218 |
|  789  |  0.085  |  2.000  | -566.684838232076  |
|  790  |  0.095  |  1.850  | -565.371079195584  |
|  791  |  0.100  |  1.900  | -563.8348079829174 |
|  792  |  0.085  |  1.950  | -557.3929772184515 |
|  793  |  0.100  |  1.950  | -556.4798761963175 |
|  794  |  0.025  |  0.050  | -554.8390411881958 |
|  795  |  0.100  |  1.850  | -552.8876024790112 |
|  796  |  0.090  |  1.850  | -551.7070232296245 |
|  797  |  0.095  |  2.000  | -550.4704178982893 |
|  798  |  0.010  |  0.050  | -541.8956388168046 |
|  799  |  0.020  |  0.050  | -526.0495655631678 |
+-------+---------+---------+--------------------+
['     0.065', '     0.300', -722.5340145642595]
Time to run: 10.877407395839692 minutes